Site,LocationName,BRCYear,BRCMonthName,BRCWeekNum,DayName,Date,Hour,InCount,OutCount,ReportCount,FactoredInCount,FactoredOutCount,FactoredReportCount,LocationGroup
Leeds - New,Albion Street at McDonalds,2023,January,2,Monday,09-Jan-23,00:00,58,50,108,58,50,108,No Group
Leeds - New,Albion Street at McDonalds,2023,January,2,Monday,09-Jan-23,01:00,23,21,44,23,21,44,No Group
Leeds - New,Albion Street at McDonalds,2023,January,2,Monday,09-Jan-23,02:00,26,18,44,26,18,44,No Group
Leeds - New,Albion Street at McDonalds,2023,January,2,Monday,09-Jan-23,03:00,20,21,41,20,21,41,No Group
Leeds - New,Albion Street at McDonalds,2023,January,2,Monday,09-Jan-23,04:00,16,11,27,16,11,27,No Group
Leeds - New,Albion Street at McDonalds,2023,January,2,Monday,09-Jan-23,05:00,36,42,78,36,42,78,No Group
Leeds - New,Albion Street at McDonalds,2023,January,2,Monday,09-Jan-23,06:00,72,62,134,72,62,134,No Group
Leeds - New,Albion Street at McDonalds,2023,January,2,Monday,09-Jan-23,07:00,171,142,313,171,142,313,No Group
Leeds - New,Albion Street at McDonalds,2023,January,2,Monday,09-Jan-23,08:00,227,185,412,227,185,412,No Group
Leeds - New,Albion Street at McDonalds,2023,January,2,Monday,09-Jan-23,09:00,206,265,471,206,265,471,No Group
Leeds - New,Albion Street at McDonalds,2023,January,2,Monday,09-Jan-23,10:00,280,278,558,280,278,558,No Group
Leeds - New,Albion Street at McDonalds,2023,January,2,Monday,09-Jan-23,11:00,320,429,749,320,429,749,No Group
Leeds - New,Albion Street at McDonalds,2023,January,2,Monday,09-Jan-23,12:00,472,554,1026,472,554,1026,No Group
Leeds - New,Albion Street at McDonalds,2023,January,2,Monday,09-Jan-23,13:00,634,797,1431,634,797,1431,No Group
Leeds - New,Albion Street at McDonalds,2023,January,2,Monday,09-Jan-23,14:00,406,530,936,406,530,936,No Group
Leeds - New,Albion Street at McDonalds,2023,January,2,Monday,09-Jan-23,15:00,425,507,932,425,507,932,No Group
Leeds - New,Albion Street at McDonalds,2023,January,2,Monday,09-Jan-23,16:00,380,675,1055,380,675,1055,No Group
Leeds - New,Albion Street at McDonalds,2023,January,2,Monday,09-Jan-23,17:00,508,504,1012,508,504,1012,No Group
Leeds - New,Albion Street at McDonalds,2023,January,2,Monday,09-Jan-23,18:00,528,497,1025,528,497,1025,No Group
Leeds - New,Albion Street at McDonalds,2023,January,2,Monday,09-Jan-23,19:00,320,280,600,320,280,600,No Group
Leeds - New,Albion Street at McDonalds,2023,January,2,Monday,09-Jan-23,20:00,234,232,466,234,232,466,No Group
Leeds - New,Albion Street at McDonalds,2023,January,2,Monday,09-Jan-23,21:00,153,110,263,153,110,263,No Group
Leeds - New,Albion Street at McDonalds,2023,January,2,Monday,09-Jan-23,22:00,135,116,251,135,116,251,No Group
Leeds - New,Albion Street at McDonalds,2023,January,2,Monday,09-Jan-23,23:00,103,80,183,103,80,183,No Group
Leeds - New,Albion Street at McDonalds,2023,January,2,Tuesday,10-Jan-23,00:00,79,68,147,79,68,147,No Group
Leeds - New,Albion Street at McDonalds,2023,January,2,Tuesday,10-Jan-23,01:00,54,67,121,54,67,121,No Group
Leeds - New,Albion Street at McDonalds,2023,January,2,Tuesday,10-Jan-23,02:00,70,145,215,70,145,215,No Group
Leeds - New,Albion Street at McDonalds,2023,January,2,Tuesday,10-Jan-23,03:00,143,242,385,143,242,385,No Group
Leeds - New,Albion Street at McDonalds,2023,January,2,Tuesday,10-Jan-23,04:00,27,28,55,27,28,55,No Group
Leeds - New,Albion Street at McDonalds,2023,January,2,Tuesday,10-Jan-23,05:00,28,29,57,28,29,57,No Group
Leeds - New,Albion Street at McDonalds,2023,January,2,Tuesday,10-Jan-23,06:00,77,52,129,77,52,129,No Group
Leeds - New,Albion Street at McDonalds,2023,January,2,Tuesday,10-Jan-23,07:00,236,165,401,236,165,401,No Group
Leeds - New,Albion Street at McDonalds,2023,January,2,Tuesday,10-Jan-23,08:00,246,205,451,246,205,451,No Group
Leeds - New,Albion Street at McDonalds,2023,January,2,Tuesday,10-Jan-23,09:00,207,221,428,207,221,428,No Group
Leeds - New,Albion Street at McDonalds,2023,January,2,Tuesday,10-Jan-23,10:00,195,207,402,195,207,402,No Group
Leeds - New,Albion Street at McDonalds,2023,January,2,Tuesday,10-Jan-23,11:00,223,282,505,223,282,505,No Group
Leeds - New,Albion Street at McDonalds,2023,January,2,Tuesday,10-Jan-23,12:00,390,515,905,390,515,905,No Group
Leeds - New,Albion Street at McDonalds,2023,January,2,Tuesday,10-Jan-23,13:00,426,476,902,426,476,902,No Group
Leeds - New,Albion Street at McDonalds,2023,January,2,Tuesday,10-Jan-23,14:00,359,481,840,359,481,840,No Group
Leeds - New,Albion Street at McDonalds,2023,January,2,Tuesday,10-Jan-23,15:00,373,500,873,373,500,873,No Group
Leeds - New,Albion Street at McDonalds,2023,January,2,Tuesday,10-Jan-23,16:00,461,723,1184,461,723,1184,No Group
Leeds - New,Albion Street at McDonalds,2023,January,2,Tuesday,10-Jan-23,17:00,506,607,1113,506,607,1113,No Group
Leeds - New,Albion Street at McDonalds,2023,January,2,Tuesday,10-Jan-23,18:00,533,535,1068,533,535,1068,No Group
Leeds - New,Albion Street at McDonalds,2023,January,2,Tuesday,10-Jan-23,19:00,322,327,649,322,327,649,No Group
Leeds - New,Albion Street at McDonalds,2023,January,2,Tuesday,10-Jan-23,20:00,246,235,481,246,235,481,No Group
Leeds - New,Albion Street at McDonalds,2023,January,2,Tuesday,10-Jan-23,21:00,173,190,363,173,190,363,No Group
Leeds - New,Albion Street at McDonalds,2023,January,2,Tuesday,10-Jan-23,22:00,121,101,222,121,101,222,No Group
Leeds - New,Albion Street at McDonalds,2023,January,2,Tuesday,10-Jan-23,23:00,87,89,176,87,89,176,No Group
Leeds - New,Albion Street at McDonalds,2023,January,2,Wednesday,11-Jan-23,00:00,53,52,105,53,52,105,No Group
Leeds - New,Albion Street at McDonalds,2023,January,2,Wednesday,11-Jan-23,01:00,28,28,56,28,28,56,No Group
Leeds - New,Albion Street at McDonalds,2023,January,2,Wednesday,11-Jan-23,02:00,21,25,46,21,25,46,No Group
Leeds - New,Albion Street at McDonalds,2023,January,2,Wednesday,11-Jan-23,03:00,9,14,23,9,14,23,No Group
Leeds - New,Albion Street at McDonalds,2023,January,2,Wednesday,11-Jan-23,04:00,23,24,47,23,24,47,No Group
Leeds - New,Albion Street at McDonalds,2023,January,2,Wednesday,11-Jan-23,05:00,39,53,92,39,53,92,No Group
Leeds - New,Albion Street at McDonalds,2023,January,2,Wednesday,11-Jan-23,06:00,62,41,103,62,41,103,No Group
Leeds - New,Albion Street at McDonalds,2023,January,2,Wednesday,11-Jan-23,07:00,225,158,383,225,158,383,No Group
Leeds - New,Albion Street at McDonalds,2023,January,2,Wednesday,11-Jan-23,08:00,282,210,492,282,210,492,No Group
Leeds - New,Albion Street at McDonalds,2023,January,2,Wednesday,11-Jan-23,09:00,256,249,505,256,249,505,No Group
Leeds - New,Albion Street at McDonalds,2023,January,2,Wednesday,11-Jan-23,10:00,266,271,537,266,271,537,No Group
Leeds - New,Albion Street at McDonalds,2023,January,2,Wednesday,11-Jan-23,11:00,346,430,776,346,430,776,No Group
Leeds - New,Albion Street at McDonalds,2023,January,2,Wednesday,11-Jan-23,12:00,504,592,1096,504,592,1096,No Group
Leeds - New,Albion Street at McDonalds,2023,January,2,Wednesday,11-Jan-23,13:00,496,600,1096,496,600,1096,No Group
Leeds - New,Albion Street at McDonalds,2023,January,2,Wednesday,11-Jan-23,14:00,336,478,814,336,478,814,No Group
Leeds - New,Albion Street at McDonalds,2023,January,2,Wednesday,11-Jan-23,15:00,300,469,769,300,469,769,No Group
Leeds - New,Albion Street at McDonalds,2023,January,2,Wednesday,11-Jan-23,16:00,419,693,1112,419,693,1112,No Group
Leeds - New,Albion Street at McDonalds,2023,January,2,Wednesday,11-Jan-23,17:00,476,548,1024,476,548,1024,No Group
Leeds - New,Albion Street at McDonalds,2023,January,2,Wednesday,11-Jan-23,18:00,571,556,1127,571,556,1127,No Group
Leeds - New,Albion Street at McDonalds,2023,January,2,Wednesday,11-Jan-23,19:00,366,323,689,366,323,689,No Group
Leeds - New,Albion Street at McDonalds,2023,January,2,Wednesday,11-Jan-23,20:00,264,224,488,264,224,488,No Group
Leeds - New,Albion Street at McDonalds,2023,January,2,Wednesday,11-Jan-23,21:00,139,154,293,139,154,293,No Group
Leeds - New,Albion Street at McDonalds,2023,January,2,Wednesday,11-Jan-23,22:00,156,118,274,156,118,274,No Group
Leeds - New,Albion Street at McDonalds,2023,January,2,Wednesday,11-Jan-23,23:00,107,85,192,107,85,192,No Group
Leeds - New,Albion Street at McDonalds,2023,January,2,Thursday,12-Jan-23,00:00,65,73,138,65,73,138,No Group
Leeds - New,Albion Street at McDonalds,2023,January,2,Thursday,12-Jan-23,01:00,66,92,158,66,92,158,No Group
Leeds - New,Albion Street at McDonalds,2023,January,2,Thursday,12-Jan-23,02:00,39,136,175,39,136,175,No Group
Leeds - New,Albion Street at McDonalds,2023,January,2,Thursday,12-Jan-23,03:00,99,125,224,99,125,224,No Group
Leeds - New,Albion Street at McDonalds,2023,January,2,Thursday,12-Jan-23,04:00,23,11,34,23,11,34,No Group
Leeds - New,Albion Street at McDonalds,2023,January,2,Thursday,12-Jan-23,05:00,37,45,82,37,45,82,No Group
Leeds - New,Albion Street at McDonalds,2023,January,2,Thursday,12-Jan-23,06:00,68,43,111,68,43,111,No Group
Leeds - New,Albion Street at McDonalds,2023,January,2,Thursday,12-Jan-23,07:00,222,158,380,222,158,380,No Group
Leeds - New,Albion Street at McDonalds,2023,January,2,Thursday,12-Jan-23,08:00,277,233,510,277,233,510,No Group
Leeds - New,Albion Street at McDonalds,2023,January,2,Thursday,12-Jan-23,09:00,249,238,487,249,238,487,No Group
Leeds - New,Albion Street at McDonalds,2023,January,2,Thursday,12-Jan-23,10:00,235,327,562,235,327,562,No Group
Leeds - New,Albion Street at McDonalds,2023,January,2,Thursday,12-Jan-23,11:00,339,463,802,339,463,802,No Group
Leeds - New,Albion Street at McDonalds,2023,January,2,Thursday,12-Jan-23,12:00,437,543,980,437,543,980,No Group
Leeds - New,Albion Street at McDonalds,2023,January,2,Thursday,12-Jan-23,13:00,703,823,1526,703,823,1526,No Group
Leeds - New,Albion Street at McDonalds,2023,January,2,Thursday,12-Jan-23,14:00,412,500,912,412,500,912,No Group
Leeds - New,Albion Street at McDonalds,2023,January,2,Thursday,12-Jan-23,15:00,454,594,1048,454,594,1048,No Group
Leeds - New,Albion Street at McDonalds,2023,January,2,Thursday,12-Jan-23,16:00,492,743,1235,492,743,1235,No Group
Leeds - New,Albion Street at McDonalds,2023,January,2,Thursday,12-Jan-23,17:00,500,657,1157,500,657,1157,No Group
Leeds - New,Albion Street at McDonalds,2023,January,2,Thursday,12-Jan-23,18:00,587,600,1187,587,600,1187,No Group
Leeds - New,Albion Street at McDonalds,2023,January,2,Thursday,12-Jan-23,19:00,415,344,759,415,344,759,No Group
Leeds - New,Albion Street at McDonalds,2023,January,2,Thursday,12-Jan-23,20:00,246,242,488,246,242,488,No Group
Leeds - New,Albion Street at McDonalds,2023,January,2,Thursday,12-Jan-23,21:00,161,164,325,161,164,325,No Group
Leeds - New,Albion Street at McDonalds,2023,January,2,Thursday,12-Jan-23,22:00,147,126,273,147,126,273,No Group
Leeds - New,Albion Street at McDonalds,2023,January,2,Thursday,12-Jan-23,23:00,99,83,182,99,83,182,No Group
Leeds - New,Albion Street at McDonalds,2023,January,2,Friday,13-Jan-23,00:00,45,72,117,45,72,117,No Group
Leeds - New,Albion Street at McDonalds,2023,January,2,Friday,13-Jan-23,01:00,33,47,80,33,47,80,No Group
Leeds - New,Albion Street at McDonalds,2023,January,2,Friday,13-Jan-23,02:00,29,26,55,29,26,55,No Group
Leeds - New,Albion Street at McDonalds,2023,January,2,Friday,13-Jan-23,03:00,15,14,29,15,14,29,No Group
Leeds - New,Albion Street at McDonalds,2023,January,2,Friday,13-Jan-23,04:00,10,6,16,10,6,16,No Group
Leeds - New,Albion Street at McDonalds,2023,January,2,Friday,13-Jan-23,05:00,35,34,69,35,34,69,No Group
Leeds - New,Albion Street at McDonalds,2023,January,2,Friday,13-Jan-23,06:00,62,76,138,62,76,138,No Group
Leeds - New,Albion Street at McDonalds,2023,January,2,Friday,13-Jan-23,07:00,183,141,324,183,141,324,No Group
Leeds - New,Albion Street at McDonalds,2023,January,2,Friday,13-Jan-23,08:00,203,174,377,203,174,377,No Group
Leeds - New,Albion Street at McDonalds,2023,January,2,Friday,13-Jan-23,09:00,202,233,435,202,233,435,No Group
Leeds - New,Albion Street at McDonalds,2023,January,2,Friday,13-Jan-23,10:00,252,326,578,252,326,578,No Group
Leeds - New,Albion Street at McDonalds,2023,January,2,Friday,13-Jan-23,11:00,307,480,787,307,480,787,No Group
Leeds - New,Albion Street at McDonalds,2023,January,2,Friday,13-Jan-23,12:00,415,572,987,415,572,987,No Group
Leeds - New,Albion Street at McDonalds,2023,January,2,Friday,13-Jan-23,13:00,548,661,1209,548,661,1209,No Group
Leeds - New,Albion Street at McDonalds,2023,January,2,Friday,13-Jan-23,14:00,427,533,960,427,533,960,No Group
Leeds - New,Albion Street at McDonalds,2023,January,2,Friday,13-Jan-23,15:00,440,579,1019,440,579,1019,No Group
Leeds - New,Albion Street at McDonalds,2023,January,2,Friday,13-Jan-23,16:00,604,730,1334,604,730,1334,No Group
Leeds - New,Albion Street at McDonalds,2023,January,2,Friday,13-Jan-23,17:00,661,643,1304,661,643,1304,No Group
Leeds - New,Albion Street at McDonalds,2023,January,2,Friday,13-Jan-23,18:00,790,630,1420,790,630,1420,No Group
Leeds - New,Albion Street at McDonalds,2023,January,2,Friday,13-Jan-23,19:00,567,481,1048,567,481,1048,No Group
Leeds - New,Albion Street at McDonalds,2023,January,2,Friday,13-Jan-23,20:00,348,321,669,348,321,669,No Group
Leeds - New,Albion Street at McDonalds,2023,January,2,Friday,13-Jan-23,21:00,316,230,546,316,230,546,No Group
Leeds - New,Albion Street at McDonalds,2023,January,2,Friday,13-Jan-23,22:00,324,321,645,324,321,645,No Group
Leeds - New,Albion Street at McDonalds,2023,January,2,Friday,13-Jan-23,23:00,404,202,606,404,202,606,No Group
Leeds - New,Albion Street at McDonalds,2023,January,2,Saturday,14-Jan-23,00:00,234,205,439,234,205,439,No Group
Leeds - New,Albion Street at McDonalds,2023,January,2,Saturday,14-Jan-23,01:00,208,136,344,208,136,344,No Group
Leeds - New,Albion Street at McDonalds,2023,January,2,Saturday,14-Jan-23,02:00,147,123,270,147,123,270,No Group
Leeds - New,Albion Street at McDonalds,2023,January,2,Saturday,14-Jan-23,03:00,141,181,322,141,181,322,No Group
Leeds - New,Albion Street at McDonalds,2023,January,2,Saturday,14-Jan-23,04:00,87,96,183,87,96,183,No Group
Leeds - New,Albion Street at McDonalds,2023,January,2,Saturday,14-Jan-23,05:00,30,32,62,30,32,62,No Group
Leeds - New,Albion Street at McDonalds,2023,January,2,Saturday,14-Jan-23,06:00,39,42,81,39,42,81,No Group
Leeds - New,Albion Street at McDonalds,2023,January,2,Saturday,14-Jan-23,07:00,77,78,155,77,78,155,No Group
Leeds - New,Albion Street at McDonalds,2023,January,2,Saturday,14-Jan-23,08:00,80,115,195,80,115,195,No Group
Leeds - New,Albion Street at McDonalds,2023,January,2,Saturday,14-Jan-23,09:00,164,270,434,164,270,434,No Group
Leeds - New,Albion Street at McDonalds,2023,January,2,Saturday,14-Jan-23,10:00,233,350,583,233,350,583,No Group
Leeds - New,Albion Street at McDonalds,2023,January,2,Saturday,14-Jan-23,11:00,364,539,903,364,539,903,No Group
Leeds - New,Albion Street at McDonalds,2023,January,2,Saturday,14-Jan-23,12:00,497,703,1200,497,703,1200,No Group
Leeds - New,Albion Street at McDonalds,2023,January,2,Saturday,14-Jan-23,13:00,735,864,1599,735,864,1599,No Group
Leeds - New,Albion Street at McDonalds,2023,January,2,Saturday,14-Jan-23,14:00,688,834,1522,688,834,1522,No Group
Leeds - New,Albion Street at McDonalds,2023,January,2,Saturday,14-Jan-23,15:00,828,845,1673,828,845,1673,No Group
Leeds - New,Albion Street at McDonalds,2023,January,2,Saturday,14-Jan-23,16:00,785,720,1505,785,720,1505,No Group
Leeds - New,Albion Street at McDonalds,2023,January,2,Saturday,14-Jan-23,17:00,689,637,1326,689,637,1326,No Group
Leeds - New,Albion Street at McDonalds,2023,January,2,Saturday,14-Jan-23,18:00,706,731,1437,706,731,1437,No Group
Leeds - New,Albion Street at McDonalds,2023,January,2,Saturday,14-Jan-23,19:00,643,456,1099,643,456,1099,No Group
Leeds - New,Albion Street at McDonalds,2023,January,2,Saturday,14-Jan-23,20:00,454,429,883,454,429,883,No Group
Leeds - New,Albion Street at McDonalds,2023,January,2,Saturday,14-Jan-23,21:00,318,321,639,318,321,639,No Group
Leeds - New,Albion Street at McDonalds,2023,January,2,Saturday,14-Jan-23,22:00,446,246,692,446,246,692,No Group
Leeds - New,Albion Street at McDonalds,2023,January,2,Saturday,14-Jan-23,23:00,555,396,951,555,396,951,No Group
Leeds - New,Albion Street at McDonalds,2023,January,2,Sunday,15-Jan-23,00:00,280,279,559,280,279,559,No Group
Leeds - New,Albion Street at McDonalds,2023,January,2,Sunday,15-Jan-23,01:00,261,223,484,261,223,484,No Group
Leeds - New,Albion Street at McDonalds,2023,January,2,Sunday,15-Jan-23,02:00,206,222,428,206,222,428,No Group
Leeds - New,Albion Street at McDonalds,2023,January,2,Sunday,15-Jan-23,03:00,189,212,401,189,212,401,No Group
Leeds - New,Albion Street at McDonalds,2023,January,2,Sunday,15-Jan-23,04:00,68,96,164,68,96,164,No Group
Leeds - New,Albion Street at McDonalds,2023,January,2,Sunday,15-Jan-23,05:00,53,35,88,53,35,88,No Group
Leeds - New,Albion Street at McDonalds,2023,January,2,Sunday,15-Jan-23,06:00,28,41,69,28,41,69,No Group
Leeds - New,Albion Street at McDonalds,2023,January,2,Sunday,15-Jan-23,07:00,59,64,123,59,64,123,No Group
Leeds - New,Albion Street at McDonalds,2023,January,2,Sunday,15-Jan-23,08:00,45,75,120,45,75,120,No Group
Leeds - New,Albion Street at McDonalds,2023,January,2,Sunday,15-Jan-23,09:00,93,146,239,93,146,239,No Group
Leeds - New,Albion Street at McDonalds,2023,January,2,Sunday,15-Jan-23,10:00,177,258,435,177,258,435,No Group
Leeds - New,Albion Street at McDonalds,2023,January,2,Sunday,15-Jan-23,11:00,226,388,614,226,388,614,No Group
Leeds - New,Albion Street at McDonalds,2023,January,2,Sunday,15-Jan-23,12:00,386,484,870,386,484,870,No Group
Leeds - New,Albion Street at McDonalds,2023,January,2,Sunday,15-Jan-23,13:00,592,706,1298,592,706,1298,No Group
Leeds - New,Albion Street at McDonalds,2023,January,2,Sunday,15-Jan-23,14:00,470,546,1016,470,546,1016,No Group
Leeds - New,Albion Street at McDonalds,2023,January,2,Sunday,15-Jan-23,15:00,522,465,987,522,465,987,No Group
Leeds - New,Albion Street at McDonalds,2023,January,2,Sunday,15-Jan-23,16:00,529,460,989,529,460,989,No Group
Leeds - New,Albion Street at McDonalds,2023,January,2,Sunday,15-Jan-23,17:00,600,399,999,600,399,999,No Group
Leeds - New,Albion Street at McDonalds,2023,January,2,Sunday,15-Jan-23,18:00,283,347,630,283,347,630,No Group
Leeds - New,Albion Street at McDonalds,2023,January,2,Sunday,15-Jan-23,19:00,195,189,384,195,189,384,No Group
Leeds - New,Albion Street at McDonalds,2023,January,2,Sunday,15-Jan-23,20:00,192,178,370,192,178,370,No Group
Leeds - New,Albion Street at McDonalds,2023,January,2,Sunday,15-Jan-23,21:00,147,123,270,147,123,270,No Group
Leeds - New,Albion Street at McDonalds,2023,January,2,Sunday,15-Jan-23,22:00,145,76,221,145,76,221,No Group
Leeds - New,Albion Street at McDonalds,2023,January,2,Sunday,15-Jan-23,23:00,66,60,126,66,60,126,No Group
Leeds - New,Albion Street South,2023,January,2,Monday,09-Jan-23,00:00,5,7,12,5,7,12,No Group
Leeds - New,Albion Street South,2023,January,2,Monday,09-Jan-23,01:00,3,5,8,3,5,8,No Group
Leeds - New,Albion Street South,2023,January,2,Monday,09-Jan-23,02:00,7,7,14,7,7,14,No Group
Leeds - New,Albion Street South,2023,January,2,Monday,09-Jan-23,03:00,2,1,3,2,1,3,No Group
Leeds - New,Albion Street South,2023,January,2,Monday,09-Jan-23,04:00,2,6,8,2,6,8,No Group
Leeds - New,Albion Street South,2023,January,2,Monday,09-Jan-23,05:00,1,18,19,1,18,19,No Group
Leeds - New,Albion Street South,2023,January,2,Monday,09-Jan-23,06:00,16,34,50,16,34,50,No Group
Leeds - New,Albion Street South,2023,January,2,Monday,09-Jan-23,07:00,105,84,189,105,84,189,No Group
Leeds - New,Albion Street South,2023,January,2,Monday,09-Jan-23,08:00,270,182,452,270,182,452,No Group
Leeds - New,Albion Street South,2023,January,2,Monday,09-Jan-23,09:00,309,235,544,309,235,544,No Group
Leeds - New,Albion Street South,2023,January,2,Monday,09-Jan-23,10:00,308,234,542,308,234,542,No Group
Leeds - New,Albion Street South,2023,January,2,Monday,09-Jan-23,11:00,447,390,837,447,390,837,No Group
Leeds - New,Albion Street South,2023,January,2,Monday,09-Jan-23,12:00,876,864,1740,876,864,1740,No Group
Leeds - New,Albion Street South,2023,January,2,Monday,09-Jan-23,13:00,992,1024,2016,992,1024,2016,No Group
Leeds - New,Albion Street South,2023,January,2,Monday,09-Jan-23,14:00,808,764,1572,808,764,1572,No Group
Leeds - New,Albion Street South,2023,January,2,Monday,09-Jan-23,15:00,745,695,1440,745,695,1440,No Group
Leeds - New,Albion Street South,2023,January,2,Monday,09-Jan-23,16:00,432,389,821,432,389,821,No Group
Leeds - New,Albion Street South,2023,January,2,Monday,09-Jan-23,17:00,245,204,449,245,204,449,No Group
Leeds - New,Albion Street South,2023,January,2,Monday,09-Jan-23,18:00,129,133,262,129,133,262,No Group
Leeds - New,Albion Street South,2023,January,2,Monday,09-Jan-23,19:00,69,72,141,69,72,141,No Group
Leeds - New,Albion Street South,2023,January,2,Monday,09-Jan-23,20:00,35,36,71,35,36,71,No Group
Leeds - New,Albion Street South,2023,January,2,Monday,09-Jan-23,21:00,16,30,46,16,30,46,No Group
Leeds - New,Albion Street South,2023,January,2,Monday,09-Jan-23,22:00,16,12,28,16,12,28,No Group
Leeds - New,Albion Street South,2023,January,2,Monday,09-Jan-23,23:00,5,6,11,5,6,11,No Group
Leeds - New,Albion Street South,2023,January,2,Tuesday,10-Jan-23,00:00,2,4,6,2,4,6,No Group
Leeds - New,Albion Street South,2023,January,2,Tuesday,10-Jan-23,01:00,2,2,4,2,2,4,No Group
Leeds - New,Albion Street South,2023,January,2,Tuesday,10-Jan-23,02:00,5,13,18,5,13,18,No Group
Leeds - New,Albion Street South,2023,January,2,Tuesday,10-Jan-23,03:00,0,4,4,0,4,4,No Group
Leeds - New,Albion Street South,2023,January,2,Tuesday,10-Jan-23,04:00,1,4,5,1,4,5,No Group
Leeds - New,Albion Street South,2023,January,2,Tuesday,10-Jan-23,05:00,5,12,17,5,12,17,No Group
Leeds - New,Albion Street South,2023,January,2,Tuesday,10-Jan-23,06:00,17,40,57,17,40,57,No Group
Leeds - New,Albion Street South,2023,January,2,Tuesday,10-Jan-23,07:00,83,66,149,83,66,149,No Group
Leeds - New,Albion Street South,2023,January,2,Tuesday,10-Jan-23,08:00,118,90,208,118,90,208,No Group
Leeds - New,Albion Street South,2023,January,2,Tuesday,10-Jan-23,09:00,195,143,338,195,143,338,No Group
Leeds - New,Albion Street South,2023,January,2,Tuesday,10-Jan-23,10:00,257,208,465,257,208,465,No Group
Leeds - New,Albion Street South,2023,January,2,Tuesday,10-Jan-23,11:00,373,282,655,373,282,655,No Group
Leeds - New,Albion Street South,2023,January,2,Tuesday,10-Jan-23,12:00,732,624,1356,732,624,1356,No Group
Leeds - New,Albion Street South,2023,January,2,Tuesday,10-Jan-23,13:00,829,849,1678,829,849,1678,No Group
Leeds - New,Albion Street South,2023,January,2,Tuesday,10-Jan-23,14:00,589,618,1207,589,618,1207,No Group
Leeds - New,Albion Street South,2023,January,2,Tuesday,10-Jan-23,15:00,447,512,959,447,512,959,No Group
Leeds - New,Albion Street South,2023,January,2,Tuesday,10-Jan-23,16:00,239,260,499,239,260,499,No Group
Leeds - New,Albion Street South,2023,January,2,Tuesday,10-Jan-23,17:00,188,220,408,188,220,408,No Group
Leeds - New,Albion Street South,2023,January,2,Tuesday,10-Jan-23,18:00,134,123,257,134,123,257,No Group
Leeds - New,Albion Street South,2023,January,2,Tuesday,10-Jan-23,19:00,69,68,137,69,68,137,No Group
Leeds - New,Albion Street South,2023,January,2,Tuesday,10-Jan-23,20:00,50,49,99,50,49,99,No Group
Leeds - New,Albion Street South,2023,January,2,Tuesday,10-Jan-23,21:00,29,42,71,29,42,71,No Group
Leeds - New,Albion Street South,2023,January,2,Tuesday,10-Jan-23,22:00,18,21,39,18,21,39,No Group
Leeds - New,Albion Street South,2023,January,2,Tuesday,10-Jan-23,23:00,11,14,25,11,14,25,No Group
Leeds - New,Albion Street South,2023,January,2,Wednesday,11-Jan-23,00:00,4,13,17,4,13,17,No Group
Leeds - New,Albion Street South,2023,January,2,Wednesday,11-Jan-23,01:00,7,5,12,7,5,12,No Group
Leeds - New,Albion Street South,2023,January,2,Wednesday,11-Jan-23,02:00,8,8,16,8,8,16,No Group
Leeds - New,Albion Street South,2023,January,2,Wednesday,11-Jan-23,03:00,0,0,0,0,0,0,No Group
Leeds - New,Albion Street South,2023,January,2,Wednesday,11-Jan-23,04:00,1,2,3,1,2,3,No Group
Leeds - New,Albion Street South,2023,January,2,Wednesday,11-Jan-23,05:00,4,6,10,4,6,10,No Group
Leeds - New,Albion Street South,2023,January,2,Wednesday,11-Jan-23,06:00,21,40,61,21,40,61,No Group
Leeds - New,Albion Street South,2023,January,2,Wednesday,11-Jan-23,07:00,76,60,136,76,60,136,No Group
Leeds - New,Albion Street South,2023,January,2,Wednesday,11-Jan-23,08:00,449,219,668,449,219,668,No Group
Leeds - New,Albion Street South,2023,January,2,Wednesday,11-Jan-23,09:00,343,266,609,343,266,609,No Group
Leeds - New,Albion Street South,2023,January,2,Wednesday,11-Jan-23,10:00,287,258,545,287,258,545,No Group
Leeds - New,Albion Street South,2023,January,2,Wednesday,11-Jan-23,11:00,510,445,955,510,445,955,No Group
Leeds - New,Albion Street South,2023,January,2,Wednesday,11-Jan-23,12:00,935,889,1824,935,889,1824,No Group
Leeds - New,Albion Street South,2023,January,2,Wednesday,11-Jan-23,13:00,924,906,1830,924,906,1830,No Group
Leeds - New,Albion Street South,2023,January,2,Wednesday,11-Jan-23,14:00,641,603,1244,641,603,1244,No Group
Leeds - New,Albion Street South,2023,January,2,Wednesday,11-Jan-23,15:00,498,498,996,498,498,996,No Group
Leeds - New,Albion Street South,2023,January,2,Wednesday,11-Jan-23,16:00,301,290,591,301,290,591,No Group
Leeds - New,Albion Street South,2023,January,2,Wednesday,11-Jan-23,17:00,233,209,442,233,209,442,No Group
Leeds - New,Albion Street South,2023,January,2,Wednesday,11-Jan-23,18:00,106,101,207,106,101,207,No Group
Leeds - New,Albion Street South,2023,January,2,Wednesday,11-Jan-23,19:00,80,81,161,80,81,161,No Group
Leeds - New,Albion Street South,2023,January,2,Wednesday,11-Jan-23,20:00,31,45,76,31,45,76,No Group
Leeds - New,Albion Street South,2023,January,2,Wednesday,11-Jan-23,21:00,24,32,56,24,32,56,No Group
Leeds - New,Albion Street South,2023,January,2,Wednesday,11-Jan-23,22:00,15,14,29,15,14,29,No Group
Leeds - New,Albion Street South,2023,January,2,Wednesday,11-Jan-23,23:00,25,7,32,25,7,32,No Group
Leeds - New,Albion Street South,2023,January,2,Thursday,12-Jan-23,00:00,5,5,10,5,5,10,No Group
Leeds - New,Albion Street South,2023,January,2,Thursday,12-Jan-23,01:00,5,2,7,5,2,7,No Group
Leeds - New,Albion Street South,2023,January,2,Thursday,12-Jan-23,02:00,7,7,14,7,7,14,No Group
Leeds - New,Albion Street South,2023,January,2,Thursday,12-Jan-23,03:00,0,2,2,0,2,2,No Group
Leeds - New,Albion Street South,2023,January,2,Thursday,12-Jan-23,04:00,1,3,4,1,3,4,No Group
Leeds - New,Albion Street South,2023,January,2,Thursday,12-Jan-23,05:00,7,12,19,7,12,19,No Group
Leeds - New,Albion Street South,2023,January,2,Thursday,12-Jan-23,06:00,20,24,44,20,24,44,No Group
Leeds - New,Albion Street South,2023,January,2,Thursday,12-Jan-23,07:00,100,83,183,100,83,183,No Group
Leeds - New,Albion Street South,2023,January,2,Thursday,12-Jan-23,08:00,336,219,555,336,219,555,No Group
Leeds - New,Albion Street South,2023,January,2,Thursday,12-Jan-23,09:00,306,260,566,306,260,566,No Group
Leeds - New,Albion Street South,2023,January,2,Thursday,12-Jan-23,10:00,339,312,651,339,312,651,No Group
Leeds - New,Albion Street South,2023,January,2,Thursday,12-Jan-23,11:00,467,443,910,467,443,910,No Group
Leeds - New,Albion Street South,2023,January,2,Thursday,12-Jan-23,12:00,828,796,1624,828,796,1624,No Group
Leeds - New,Albion Street South,2023,January,2,Thursday,12-Jan-23,13:00,970,927,1897,970,927,1897,No Group
Leeds - New,Albion Street South,2023,January,2,Thursday,12-Jan-23,14:00,590,628,1218,590,628,1218,No Group
Leeds - New,Albion Street South,2023,January,2,Thursday,12-Jan-23,15:00,631,685,1316,631,685,1316,No Group
Leeds - New,Albion Street South,2023,January,2,Thursday,12-Jan-23,16:00,463,509,972,463,509,972,No Group
Leeds - New,Albion Street South,2023,January,2,Thursday,12-Jan-23,17:00,266,255,521,266,255,521,No Group
Leeds - New,Albion Street South,2023,January,2,Thursday,12-Jan-23,18:00,170,148,318,170,148,318,No Group
Leeds - New,Albion Street South,2023,January,2,Thursday,12-Jan-23,19:00,131,129,260,131,129,260,No Group
Leeds - New,Albion Street South,2023,January,2,Thursday,12-Jan-23,20:00,56,70,126,56,70,126,No Group
Leeds - New,Albion Street South,2023,January,2,Thursday,12-Jan-23,21:00,19,29,48,19,29,48,No Group
Leeds - New,Albion Street South,2023,January,2,Thursday,12-Jan-23,22:00,19,21,40,19,21,40,No Group
Leeds - New,Albion Street South,2023,January,2,Thursday,12-Jan-23,23:00,7,8,15,7,8,15,No Group
Leeds - New,Albion Street South,2023,January,2,Friday,13-Jan-23,00:00,12,11,23,12,11,23,No Group
Leeds - New,Albion Street South,2023,January,2,Friday,13-Jan-23,01:00,9,7,16,9,7,16,No Group
Leeds - New,Albion Street South,2023,January,2,Friday,13-Jan-23,02:00,5,5,10,5,5,10,No Group
Leeds - New,Albion Street South,2023,January,2,Friday,13-Jan-23,03:00,1,1,2,1,1,2,No Group
Leeds - New,Albion Street South,2023,January,2,Friday,13-Jan-23,04:00,0,4,4,0,4,4,No Group
Leeds - New,Albion Street South,2023,January,2,Friday,13-Jan-23,05:00,7,19,26,7,19,26,No Group
Leeds - New,Albion Street South,2023,January,2,Friday,13-Jan-23,06:00,15,28,43,15,28,43,No Group
Leeds - New,Albion Street South,2023,January,2,Friday,13-Jan-23,07:00,80,63,143,80,63,143,No Group
Leeds - New,Albion Street South,2023,January,2,Friday,13-Jan-23,08:00,265,157,422,265,157,422,No Group
Leeds - New,Albion Street South,2023,January,2,Friday,13-Jan-23,09:00,276,240,516,276,240,516,No Group
Leeds - New,Albion Street South,2023,January,2,Friday,13-Jan-23,10:00,370,314,684,370,314,684,No Group
Leeds - New,Albion Street South,2023,January,2,Friday,13-Jan-23,11:00,604,525,1129,604,525,1129,No Group
Leeds - New,Albion Street South,2023,January,2,Friday,13-Jan-23,12:00,936,807,1743,936,807,1743,No Group
Leeds - New,Albion Street South,2023,January,2,Friday,13-Jan-23,13:00,1045,820,1865,1045,820,1865,No Group
Leeds - New,Albion Street South,2023,January,2,Friday,13-Jan-23,14:00,860,750,1610,860,750,1610,No Group
Leeds - New,Albion Street South,2023,January,2,Friday,13-Jan-23,15:00,819,704,1523,819,704,1523,No Group
Leeds - New,Albion Street South,2023,January,2,Friday,13-Jan-23,16:00,475,460,935,475,460,935,No Group
Leeds - New,Albion Street South,2023,January,2,Friday,13-Jan-23,17:00,214,210,424,214,210,424,No Group
Leeds - New,Albion Street South,2023,January,2,Friday,13-Jan-23,18:00,213,151,364,213,151,364,No Group
Leeds - New,Albion Street South,2023,January,2,Friday,13-Jan-23,19:00,168,139,307,168,139,307,No Group
Leeds - New,Albion Street South,2023,January,2,Friday,13-Jan-23,20:00,87,78,165,87,78,165,No Group
Leeds - New,Albion Street South,2023,January,2,Friday,13-Jan-23,21:00,54,80,134,54,80,134,No Group
Leeds - New,Albion Street South,2023,January,2,Friday,13-Jan-23,22:00,33,52,85,33,52,85,No Group
Leeds - New,Albion Street South,2023,January,2,Friday,13-Jan-23,23:00,23,24,47,23,24,47,No Group
Leeds - New,Albion Street South,2023,January,2,Saturday,14-Jan-23,00:00,15,20,35,15,20,35,No Group
Leeds - New,Albion Street South,2023,January,2,Saturday,14-Jan-23,01:00,8,12,20,8,12,20,No Group
Leeds - New,Albion Street South,2023,January,2,Saturday,14-Jan-23,02:00,4,6,10,4,6,10,No Group
Leeds - New,Albion Street South,2023,January,2,Saturday,14-Jan-23,03:00,6,5,11,6,5,11,No Group
Leeds - New,Albion Street South,2023,January,2,Saturday,14-Jan-23,04:00,1,6,7,1,6,7,No Group
Leeds - New,Albion Street South,2023,January,2,Saturday,14-Jan-23,05:00,1,9,10,1,9,10,No Group
Leeds - New,Albion Street South,2023,January,2,Saturday,14-Jan-23,06:00,17,28,45,17,28,45,No Group
Leeds - New,Albion Street South,2023,January,2,Saturday,14-Jan-23,07:00,27,31,58,27,31,58,No Group
Leeds - New,Albion Street South,2023,January,2,Saturday,14-Jan-23,08:00,104,87,191,104,87,191,No Group
Leeds - New,Albion Street South,2023,January,2,Saturday,14-Jan-23,09:00,289,214,503,289,214,503,No Group
Leeds - New,Albion Street South,2023,January,2,Saturday,14-Jan-23,10:00,682,513,1195,682,513,1195,No Group
Leeds - New,Albion Street South,2023,January,2,Saturday,14-Jan-23,11:00,846,739,1585,846,739,1585,No Group
Leeds - New,Albion Street South,2023,January,2,Saturday,14-Jan-23,12:00,1129,983,2112,1129,983,2112,No Group
Leeds - New,Albion Street South,2023,January,2,Saturday,14-Jan-23,13:00,1451,1129,2580,1451,1129,2580,No Group
Leeds - New,Albion Street South,2023,January,2,Saturday,14-Jan-23,14:00,1622,1297,2919,1622,1297,2919,No Group
Leeds - New,Albion Street South,2023,January,2,Saturday,14-Jan-23,15:00,1665,1379,3044,1665,1379,3044,No Group
Leeds - New,Albion Street South,2023,January,2,Saturday,14-Jan-23,16:00,592,474,1066,592,474,1066,No Group
Leeds - New,Albion Street South,2023,January,2,Saturday,14-Jan-23,17:00,240,201,441,240,201,441,No Group
Leeds - New,Albion Street South,2023,January,2,Saturday,14-Jan-23,18:00,169,117,286,169,117,286,No Group
Leeds - New,Albion Street South,2023,January,2,Saturday,14-Jan-23,19:00,96,98,194,96,98,194,No Group
Leeds - New,Albion Street South,2023,January,2,Saturday,14-Jan-23,20:00,76,44,120,76,44,120,No Group
Leeds - New,Albion Street South,2023,January,2,Saturday,14-Jan-23,21:00,33,43,76,33,43,76,No Group
Leeds - New,Albion Street South,2023,January,2,Saturday,14-Jan-23,22:00,29,86,115,29,86,115,No Group
Leeds - New,Albion Street South,2023,January,2,Saturday,14-Jan-23,23:00,20,41,61,20,41,61,No Group
Leeds - New,Albion Street South,2023,January,2,Sunday,15-Jan-23,00:00,14,24,38,14,24,38,No Group
Leeds - New,Albion Street South,2023,January,2,Sunday,15-Jan-23,01:00,7,26,33,7,26,33,No Group
Leeds - New,Albion Street South,2023,January,2,Sunday,15-Jan-23,02:00,3,14,17,3,14,17,No Group
Leeds - New,Albion Street South,2023,January,2,Sunday,15-Jan-23,03:00,6,7,13,6,7,13,No Group
Leeds - New,Albion Street South,2023,January,2,Sunday,15-Jan-23,04:00,10,8,18,10,8,18,No Group
Leeds - New,Albion Street South,2023,January,2,Sunday,15-Jan-23,05:00,6,8,14,6,8,14,No Group
Leeds - New,Albion Street South,2023,January,2,Sunday,15-Jan-23,06:00,4,10,14,4,10,14,No Group
Leeds - New,Albion Street South,2023,January,2,Sunday,15-Jan-23,07:00,51,35,86,51,35,86,No Group
Leeds - New,Albion Street South,2023,January,2,Sunday,15-Jan-23,08:00,28,44,72,28,44,72,No Group
Leeds - New,Albion Street South,2023,January,2,Sunday,15-Jan-23,09:00,95,78,173,95,78,173,No Group
Leeds - New,Albion Street South,2023,January,2,Sunday,15-Jan-23,10:00,238,197,435,238,197,435,No Group
Leeds - New,Albion Street South,2023,January,2,Sunday,15-Jan-23,11:00,560,469,1029,560,469,1029,No Group
Leeds - New,Albion Street South,2023,January,2,Sunday,15-Jan-23,12:00,931,734,1665,931,734,1665,No Group
Leeds - New,Albion Street South,2023,January,2,Sunday,15-Jan-23,13:00,1121,952,2073,1121,952,2073,No Group
Leeds - New,Albion Street South,2023,January,2,Sunday,15-Jan-23,14:00,1293,983,2276,1293,983,2276,No Group
Leeds - New,Albion Street South,2023,January,2,Sunday,15-Jan-23,15:00,1284,1028,2312,1284,1028,2312,No Group
Leeds - New,Albion Street South,2023,January,2,Sunday,15-Jan-23,16:00,604,515,1119,604,515,1119,No Group
Leeds - New,Albion Street South,2023,January,2,Sunday,15-Jan-23,17:00,120,98,218,120,98,218,No Group
Leeds - New,Albion Street South,2023,January,2,Sunday,15-Jan-23,18:00,99,106,205,99,106,205,No Group
Leeds - New,Albion Street South,2023,January,2,Sunday,15-Jan-23,19:00,64,86,150,64,86,150,No Group
Leeds - New,Albion Street South,2023,January,2,Sunday,15-Jan-23,20:00,53,61,114,53,61,114,No Group
Leeds - New,Albion Street South,2023,January,2,Sunday,15-Jan-23,21:00,25,26,51,25,26,51,No Group
Leeds - New,Albion Street South,2023,January,2,Sunday,15-Jan-23,22:00,23,28,51,23,28,51,No Group
Leeds - New,Albion Street South,2023,January,2,Sunday,15-Jan-23,23:00,10,11,21,10,11,21,No Group
Leeds - New,Briggate,2023,January,2,Monday,09-Jan-23,00:00,27,36,63,27,36,63,No Group
Leeds - New,Briggate,2023,January,2,Monday,09-Jan-23,01:00,36,33,69,36,33,69,No Group
Leeds - New,Briggate,2023,January,2,Monday,09-Jan-23,02:00,34,9,43,34,9,43,No Group
Leeds - New,Briggate,2023,January,2,Monday,09-Jan-23,03:00,17,26,43,17,26,43,No Group
Leeds - New,Briggate,2023,January,2,Monday,09-Jan-23,04:00,27,18,45,27,18,45,No Group
Leeds - New,Briggate,2023,January,2,Monday,09-Jan-23,05:00,23,37,60,23,37,60,No Group
Leeds - New,Briggate,2023,January,2,Monday,09-Jan-23,06:00,74,62,136,74,62,136,No Group
Leeds - New,Briggate,2023,January,2,Monday,09-Jan-23,07:00,187,78,265,187,78,265,No Group
Leeds - New,Briggate,2023,January,2,Monday,09-Jan-23,08:00,565,288,853,565,288,853,No Group
Leeds - New,Briggate,2023,January,2,Monday,09-Jan-23,09:00,501,397,898,501,397,898,No Group
Leeds - New,Briggate,2023,January,2,Monday,09-Jan-23,10:00,453,386,839,453,386,839,No Group
Leeds - New,Briggate,2023,January,2,Monday,09-Jan-23,11:00,592,594,1186,592,594,1186,No Group
Leeds - New,Briggate,2023,January,2,Monday,09-Jan-23,12:00,1225,1225,2450,1225,1225,2450,No Group
Leeds - New,Briggate,2023,January,2,Monday,09-Jan-23,13:00,1096,1133,2229,1096,1133,2229,No Group
Leeds - New,Briggate,2023,January,2,Monday,09-Jan-23,14:00,816,936,1752,816,936,1752,No Group
Leeds - New,Briggate,2023,January,2,Monday,09-Jan-23,15:00,799,1041,1840,799,1041,1840,No Group
Leeds - New,Briggate,2023,January,2,Monday,09-Jan-23,16:00,771,1118,1889,771,1118,1889,No Group
Leeds - New,Briggate,2023,January,2,Monday,09-Jan-23,17:00,693,871,1564,693,871,1564,No Group
Leeds - New,Briggate,2023,January,2,Monday,09-Jan-23,18:00,513,607,1120,513,607,1120,No Group
Leeds - New,Briggate,2023,January,2,Monday,09-Jan-23,19:00,324,342,666,324,342,666,No Group
Leeds - New,Briggate,2023,January,2,Monday,09-Jan-23,20:00,176,189,365,176,189,365,No Group
Leeds - New,Briggate,2023,January,2,Monday,09-Jan-23,21:00,94,138,232,94,138,232,No Group
Leeds - New,Briggate,2023,January,2,Monday,09-Jan-23,22:00,79,94,173,79,94,173,No Group
Leeds - New,Briggate,2023,January,2,Monday,09-Jan-23,23:00,51,69,120,51,69,120,No Group
Leeds - New,Briggate,2023,January,2,Tuesday,10-Jan-23,00:00,35,40,75,35,40,75,No Group
Leeds - New,Briggate,2023,January,2,Tuesday,10-Jan-23,01:00,49,19,68,49,19,68,No Group
Leeds - New,Briggate,2023,January,2,Tuesday,10-Jan-23,02:00,35,39,74,35,39,74,No Group
Leeds - New,Briggate,2023,January,2,Tuesday,10-Jan-23,03:00,22,31,53,22,31,53,No Group
Leeds - New,Briggate,2023,January,2,Tuesday,10-Jan-23,04:00,21,35,56,21,35,56,No Group
Leeds - New,Briggate,2023,January,2,Tuesday,10-Jan-23,05:00,17,26,43,17,26,43,No Group
Leeds - New,Briggate,2023,January,2,Tuesday,10-Jan-23,06:00,66,53,119,66,53,119,No Group
Leeds - New,Briggate,2023,January,2,Tuesday,10-Jan-23,07:00,150,102,252,150,102,252,No Group
Leeds - New,Briggate,2023,January,2,Tuesday,10-Jan-23,08:00,464,289,753,464,289,753,No Group
Leeds - New,Briggate,2023,January,2,Tuesday,10-Jan-23,09:00,755,432,1187,755,432,1187,No Group
Leeds - New,Briggate,2023,January,2,Tuesday,10-Jan-23,10:00,676,598,1274,676,598,1274,No Group
Leeds - New,Briggate,2023,January,2,Tuesday,10-Jan-23,11:00,679,627,1306,679,627,1306,No Group
Leeds - New,Briggate,2023,January,2,Tuesday,10-Jan-23,12:00,1022,1084,2106,1022,1084,2106,No Group
Leeds - New,Briggate,2023,January,2,Tuesday,10-Jan-23,13:00,852,959,1811,852,959,1811,No Group
Leeds - New,Briggate,2023,January,2,Tuesday,10-Jan-23,14:00,731,825,1556,731,825,1556,No Group
Leeds - New,Briggate,2023,January,2,Tuesday,10-Jan-23,15:00,728,977,1705,728,977,1705,No Group
Leeds - New,Briggate,2023,January,2,Tuesday,10-Jan-23,16:00,753,981,1734,753,981,1734,No Group
Leeds - New,Briggate,2023,January,2,Tuesday,10-Jan-23,17:00,662,812,1474,662,812,1474,No Group
Leeds - New,Briggate,2023,January,2,Tuesday,10-Jan-23,18:00,484,585,1069,484,585,1069,No Group
Leeds - New,Briggate,2023,January,2,Tuesday,10-Jan-23,19:00,290,297,587,290,297,587,No Group
Leeds - New,Briggate,2023,January,2,Tuesday,10-Jan-23,20:00,164,211,375,164,211,375,No Group
Leeds - New,Briggate,2023,January,2,Tuesday,10-Jan-23,21:00,128,191,319,128,191,319,No Group
Leeds - New,Briggate,2023,January,2,Tuesday,10-Jan-23,22:00,114,110,224,114,110,224,No Group
Leeds - New,Briggate,2023,January,2,Tuesday,10-Jan-23,23:00,59,127,186,59,127,186,No Group
Leeds - New,Briggate,2023,January,2,Wednesday,11-Jan-23,00:00,50,114,164,50,114,164,No Group
Leeds - New,Briggate,2023,January,2,Wednesday,11-Jan-23,01:00,34,27,61,34,27,61,No Group
Leeds - New,Briggate,2023,January,2,Wednesday,11-Jan-23,02:00,38,15,53,38,15,53,No Group
Leeds - New,Briggate,2023,January,2,Wednesday,11-Jan-23,03:00,19,8,27,19,8,27,No Group
Leeds - New,Briggate,2023,January,2,Wednesday,11-Jan-23,04:00,12,12,24,12,12,24,No Group
Leeds - New,Briggate,2023,January,2,Wednesday,11-Jan-23,05:00,15,33,48,15,33,48,No Group
Leeds - New,Briggate,2023,January,2,Wednesday,11-Jan-23,06:00,65,47,112,65,47,112,No Group
Leeds - New,Briggate,2023,January,2,Wednesday,11-Jan-23,07:00,221,159,380,221,159,380,No Group
Leeds - New,Briggate,2023,January,2,Wednesday,11-Jan-23,08:00,482,253,735,482,253,735,No Group
Leeds - New,Briggate,2023,January,2,Wednesday,11-Jan-23,09:00,505,297,802,505,297,802,No Group
Leeds - New,Briggate,2023,January,2,Wednesday,11-Jan-23,10:00,556,455,1011,556,455,1011,No Group
Leeds - New,Briggate,2023,January,2,Wednesday,11-Jan-23,11:00,681,610,1291,681,610,1291,No Group
Leeds - New,Briggate,2023,January,2,Wednesday,11-Jan-23,12:00,1288,1279,2567,1288,1279,2567,No Group
Leeds - New,Briggate,2023,January,2,Wednesday,11-Jan-23,13:00,1059,1291,2350,1059,1291,2350,No Group
Leeds - New,Briggate,2023,January,2,Wednesday,11-Jan-23,14:00,766,951,1717,766,951,1717,No Group
Leeds - New,Briggate,2023,January,2,Wednesday,11-Jan-23,15:00,731,983,1714,731,983,1714,No Group
Leeds - New,Briggate,2023,January,2,Wednesday,11-Jan-23,16:00,731,1035,1766,731,1035,1766,No Group
Leeds - New,Briggate,2023,January,2,Wednesday,11-Jan-23,17:00,765,905,1670,765,905,1670,No Group
Leeds - New,Briggate,2023,January,2,Wednesday,11-Jan-23,18:00,540,694,1234,540,694,1234,No Group
Leeds - New,Briggate,2023,January,2,Wednesday,11-Jan-23,19:00,368,408,776,368,408,776,No Group
Leeds - New,Briggate,2023,January,2,Wednesday,11-Jan-23,20:00,206,238,444,206,238,444,No Group
Leeds - New,Briggate,2023,January,2,Wednesday,11-Jan-23,21:00,134,184,318,134,184,318,No Group
Leeds - New,Briggate,2023,January,2,Wednesday,11-Jan-23,22:00,88,92,180,88,92,180,No Group
Leeds - New,Briggate,2023,January,2,Wednesday,11-Jan-23,23:00,71,81,152,71,81,152,No Group
Leeds - New,Briggate,2023,January,2,Thursday,12-Jan-23,00:00,48,63,111,48,63,111,No Group
Leeds - New,Briggate,2023,January,2,Thursday,12-Jan-23,01:00,37,46,83,37,46,83,No Group
Leeds - New,Briggate,2023,January,2,Thursday,12-Jan-23,02:00,13,15,28,13,15,28,No Group
Leeds - New,Briggate,2023,January,2,Thursday,12-Jan-23,03:00,32,38,70,32,38,70,No Group
Leeds - New,Briggate,2023,January,2,Thursday,12-Jan-23,04:00,9,15,24,9,15,24,No Group
Leeds - New,Briggate,2023,January,2,Thursday,12-Jan-23,05:00,23,31,54,23,31,54,No Group
Leeds - New,Briggate,2023,January,2,Thursday,12-Jan-23,06:00,72,65,137,72,65,137,No Group
Leeds - New,Briggate,2023,January,2,Thursday,12-Jan-23,07:00,171,105,276,171,105,276,No Group
Leeds - New,Briggate,2023,January,2,Thursday,12-Jan-23,08:00,465,245,710,465,245,710,No Group
Leeds - New,Briggate,2023,January,2,Thursday,12-Jan-23,09:00,570,368,938,570,368,938,No Group
Leeds - New,Briggate,2023,January,2,Thursday,12-Jan-23,10:00,573,471,1044,573,471,1044,No Group
Leeds - New,Briggate,2023,January,2,Thursday,12-Jan-23,11:00,804,774,1578,804,774,1578,No Group
Leeds - New,Briggate,2023,January,2,Thursday,12-Jan-23,12:00,950,1087,2037,950,1087,2037,No Group
Leeds - New,Briggate,2023,January,2,Thursday,12-Jan-23,13:00,1126,1283,2409,1126,1283,2409,No Group
Leeds - New,Briggate,2023,January,2,Thursday,12-Jan-23,14:00,829,932,1761,829,932,1761,No Group
Leeds - New,Briggate,2023,January,2,Thursday,12-Jan-23,15:00,757,905,1662,757,905,1662,No Group
Leeds - New,Briggate,2023,January,2,Thursday,12-Jan-23,16:00,846,1099,1945,846,1099,1945,No Group
Leeds - New,Briggate,2023,January,2,Thursday,12-Jan-23,17:00,813,1097,1910,813,1097,1910,No Group
Leeds - New,Briggate,2023,January,2,Thursday,12-Jan-23,18:00,591,802,1393,591,802,1393,No Group
Leeds - New,Briggate,2023,January,2,Thursday,12-Jan-23,19:00,379,506,885,379,506,885,No Group
Leeds - New,Briggate,2023,January,2,Thursday,12-Jan-23,20:00,202,247,449,202,247,449,No Group
Leeds - New,Briggate,2023,January,2,Thursday,12-Jan-23,21:00,109,145,254,109,145,254,No Group
Leeds - New,Briggate,2023,January,2,Thursday,12-Jan-23,22:00,100,128,228,100,128,228,No Group
Leeds - New,Briggate,2023,January,2,Thursday,12-Jan-23,23:00,53,79,132,53,79,132,No Group
Leeds - New,Briggate,2023,January,2,Friday,13-Jan-23,00:00,32,71,103,32,71,103,No Group
Leeds - New,Briggate,2023,January,2,Friday,13-Jan-23,01:00,24,26,50,24,26,50,No Group
Leeds - New,Briggate,2023,January,2,Friday,13-Jan-23,02:00,29,30,59,29,30,59,No Group
Leeds - New,Briggate,2023,January,2,Friday,13-Jan-23,03:00,39,21,60,39,21,60,No Group
Leeds - New,Briggate,2023,January,2,Friday,13-Jan-23,04:00,40,18,58,40,18,58,No Group
Leeds - New,Briggate,2023,January,2,Friday,13-Jan-23,05:00,23,18,41,23,18,41,No Group
Leeds - New,Briggate,2023,January,2,Friday,13-Jan-23,06:00,57,39,96,57,39,96,No Group
Leeds - New,Briggate,2023,January,2,Friday,13-Jan-23,07:00,182,129,311,182,129,311,No Group
Leeds - New,Briggate,2023,January,2,Friday,13-Jan-23,08:00,397,229,626,397,229,626,No Group
Leeds - New,Briggate,2023,January,2,Friday,13-Jan-23,09:00,454,314,768,454,314,768,No Group
Leeds - New,Briggate,2023,January,2,Friday,13-Jan-23,10:00,623,508,1131,623,508,1131,No Group
Leeds - New,Briggate,2023,January,2,Friday,13-Jan-23,11:00,750,786,1536,750,786,1536,No Group
Leeds - New,Briggate,2023,January,2,Friday,13-Jan-23,12:00,1008,1094,2102,1008,1094,2102,No Group
Leeds - New,Briggate,2023,January,2,Friday,13-Jan-23,13:00,1050,1191,2241,1050,1191,2241,No Group
Leeds - New,Briggate,2023,January,2,Friday,13-Jan-23,14:00,996,1162,2158,996,1162,2158,No Group
Leeds - New,Briggate,2023,January,2,Friday,13-Jan-23,15:00,990,1139,2129,990,1139,2129,No Group
Leeds - New,Briggate,2023,January,2,Friday,13-Jan-23,16:00,1010,1417,2427,1010,1417,2427,No Group
Leeds - New,Briggate,2023,January,2,Friday,13-Jan-23,17:00,933,1207,2140,933,1207,2140,No Group
Leeds - New,Briggate,2023,January,2,Friday,13-Jan-23,18:00,788,919,1707,788,919,1707,No Group
Leeds - New,Briggate,2023,January,2,Friday,13-Jan-23,19:00,535,631,1166,535,631,1166,No Group
Leeds - New,Briggate,2023,January,2,Friday,13-Jan-23,20:00,355,396,751,355,396,751,No Group
Leeds - New,Briggate,2023,January,2,Friday,13-Jan-23,21:00,241,298,539,241,298,539,No Group
Leeds - New,Briggate,2023,January,2,Friday,13-Jan-23,22:00,269,395,664,269,395,664,No Group
Leeds - New,Briggate,2023,January,2,Friday,13-Jan-23,23:00,165,364,529,165,364,529,No Group
Leeds - New,Briggate,2023,January,2,Saturday,14-Jan-23,00:00,165,289,454,165,289,454,No Group
Leeds - New,Briggate,2023,January,2,Saturday,14-Jan-23,01:00,62,192,254,62,192,254,No Group
Leeds - New,Briggate,2023,January,2,Saturday,14-Jan-23,02:00,114,120,234,114,120,234,No Group
Leeds - New,Briggate,2023,January,2,Saturday,14-Jan-23,03:00,101,76,177,101,76,177,No Group
Leeds - New,Briggate,2023,January,2,Saturday,14-Jan-23,04:00,106,51,157,106,51,157,No Group
Leeds - New,Briggate,2023,January,2,Saturday,14-Jan-23,05:00,68,37,105,68,37,105,No Group
Leeds - New,Briggate,2023,January,2,Saturday,14-Jan-23,06:00,74,56,130,74,56,130,No Group
Leeds - New,Briggate,2023,January,2,Saturday,14-Jan-23,07:00,70,57,127,70,57,127,No Group
Leeds - New,Briggate,2023,January,2,Saturday,14-Jan-23,08:00,246,111,357,246,111,357,No Group
Leeds - New,Briggate,2023,January,2,Saturday,14-Jan-23,09:00,423,342,765,423,342,765,No Group
Leeds - New,Briggate,2023,January,2,Saturday,14-Jan-23,10:00,740,600,1340,740,600,1340,No Group
Leeds - New,Briggate,2023,January,2,Saturday,14-Jan-23,11:00,1281,1305,2586,1281,1305,2586,No Group
Leeds - New,Briggate,2023,January,2,Saturday,14-Jan-23,12:00,2067,1962,4029,2067,1962,4029,No Group
Leeds - New,Briggate,2023,January,2,Saturday,14-Jan-23,13:00,1897,2092,3989,1897,2092,3989,No Group
Leeds - New,Briggate,2023,January,2,Saturday,14-Jan-23,14:00,2103,2407,4510,2103,2407,4510,No Group
Leeds - New,Briggate,2023,January,2,Saturday,14-Jan-23,15:00,2079,2712,4791,2079,2712,4791,No Group
Leeds - New,Briggate,2023,January,2,Saturday,14-Jan-23,16:00,1754,2242,3996,1754,2242,3996,No Group
Leeds - New,Briggate,2023,January,2,Saturday,14-Jan-23,17:00,1240,1607,2847,1240,1607,2847,No Group
Leeds - New,Briggate,2023,January,2,Saturday,14-Jan-23,18:00,895,1068,1963,895,1068,1963,No Group
Leeds - New,Briggate,2023,January,2,Saturday,14-Jan-23,19:00,507,607,1114,507,607,1114,No Group
Leeds - New,Briggate,2023,January,2,Saturday,14-Jan-23,20:00,248,355,603,248,355,603,No Group
Leeds - New,Briggate,2023,January,2,Saturday,14-Jan-23,21:00,233,292,525,233,292,525,No Group
Leeds - New,Briggate,2023,January,2,Saturday,14-Jan-23,22:00,223,658,881,223,658,881,No Group
Leeds - New,Briggate,2023,January,2,Saturday,14-Jan-23,23:00,178,443,621,178,443,621,No Group
Leeds - New,Briggate,2023,January,2,Sunday,15-Jan-23,00:00,226,452,678,226,452,678,No Group
Leeds - New,Briggate,2023,January,2,Sunday,15-Jan-23,01:00,207,321,528,207,321,528,No Group
Leeds - New,Briggate,2023,January,2,Sunday,15-Jan-23,02:00,182,202,384,182,202,384,No Group
Leeds - New,Briggate,2023,January,2,Sunday,15-Jan-23,03:00,142,96,238,142,96,238,No Group
Leeds - New,Briggate,2023,January,2,Sunday,15-Jan-23,04:00,78,62,140,78,62,140,No Group
Leeds - New,Briggate,2023,January,2,Sunday,15-Jan-23,05:00,52,34,86,52,34,86,No Group
Leeds - New,Briggate,2023,January,2,Sunday,15-Jan-23,06:00,34,22,56,34,22,56,No Group
Leeds - New,Briggate,2023,January,2,Sunday,15-Jan-23,07:00,36,39,75,36,39,75,No Group
Leeds - New,Briggate,2023,January,2,Sunday,15-Jan-23,08:00,72,74,146,72,74,146,No Group
Leeds - New,Briggate,2023,January,2,Sunday,15-Jan-23,09:00,162,114,276,162,114,276,No Group
Leeds - New,Briggate,2023,January,2,Sunday,15-Jan-23,10:00,319,217,536,319,217,536,No Group
Leeds - New,Briggate,2023,January,2,Sunday,15-Jan-23,11:00,765,770,1535,765,770,1535,No Group
Leeds - New,Briggate,2023,January,2,Sunday,15-Jan-23,12:00,1425,1503,2928,1425,1503,2928,No Group
Leeds - New,Briggate,2023,January,2,Sunday,15-Jan-23,13:00,1378,1475,2853,1378,1475,2853,No Group
Leeds - New,Briggate,2023,January,2,Sunday,15-Jan-23,14:00,1367,1724,3091,1367,1724,3091,No Group
Leeds - New,Briggate,2023,January,2,Sunday,15-Jan-23,15:00,1221,1617,2838,1221,1617,2838,No Group
Leeds - New,Briggate,2023,January,2,Sunday,15-Jan-23,16:00,1005,1282,2287,1005,1282,2287,No Group
Leeds - New,Briggate,2023,January,2,Sunday,15-Jan-23,17:00,565,705,1270,565,705,1270,No Group
Leeds - New,Briggate,2023,January,2,Sunday,15-Jan-23,18:00,320,384,704,320,384,704,No Group
Leeds - New,Briggate,2023,January,2,Sunday,15-Jan-23,19:00,187,237,424,187,237,424,No Group
Leeds - New,Briggate,2023,January,2,Sunday,15-Jan-23,20:00,151,161,312,151,161,312,No Group
Leeds - New,Briggate,2023,January,2,Sunday,15-Jan-23,21:00,93,131,224,93,131,224,No Group
Leeds - New,Briggate,2023,January,2,Sunday,15-Jan-23,22:00,92,107,199,92,107,199,No Group
Leeds - New,Briggate,2023,January,2,Sunday,15-Jan-23,23:00,80,72,152,80,72,152,No Group
Leeds - New,Briggate at McDonalds,2023,January,2,Monday,09-Jan-23,00:00,0,0,0,0,0,0,No Group
Leeds - New,Briggate at McDonalds,2023,January,2,Monday,09-Jan-23,01:00,1,1,2,1,1,2,No Group
Leeds - New,Briggate at McDonalds,2023,January,2,Monday,09-Jan-23,02:00,2,0,2,2,0,2,No Group
Leeds - New,Briggate at McDonalds,2023,January,2,Monday,09-Jan-23,03:00,2,2,4,2,2,4,No Group
Leeds - New,Briggate at McDonalds,2023,January,2,Monday,09-Jan-23,04:00,1,0,1,1,0,1,No Group
Leeds - New,Briggate at McDonalds,2023,January,2,Monday,09-Jan-23,05:00,5,2,7,5,2,7,No Group
Leeds - New,Briggate at McDonalds,2023,January,2,Monday,09-Jan-23,06:00,21,2,23,21,2,23,No Group
Leeds - New,Briggate at McDonalds,2023,January,2,Monday,09-Jan-23,07:00,13,10,23,13,10,23,No Group
Leeds - New,Briggate at McDonalds,2023,January,2,Monday,09-Jan-23,08:00,57,28,85,57,28,85,No Group
Leeds - New,Briggate at McDonalds,2023,January,2,Monday,09-Jan-23,09:00,154,94,248,154,94,248,No Group
Leeds - New,Briggate at McDonalds,2023,January,2,Monday,09-Jan-23,10:00,266,223,489,266,223,489,No Group
Leeds - New,Briggate at McDonalds,2023,January,2,Monday,09-Jan-23,11:00,429,398,827,429,398,827,No Group
Leeds - New,Briggate at McDonalds,2023,January,2,Monday,09-Jan-23,12:00,580,540,1120,580,540,1120,No Group
Leeds - New,Briggate at McDonalds,2023,January,2,Monday,09-Jan-23,13:00,594,610,1204,594,610,1204,No Group
Leeds - New,Briggate at McDonalds,2023,January,2,Monday,09-Jan-23,14:00,583,623,1206,583,623,1206,No Group
Leeds - New,Briggate at McDonalds,2023,January,2,Monday,09-Jan-23,15:00,538,587,1125,538,587,1125,No Group
Leeds - New,Briggate at McDonalds,2023,January,2,Monday,09-Jan-23,16:00,306,294,600,306,294,600,No Group
Leeds - New,Briggate at McDonalds,2023,January,2,Monday,09-Jan-23,17:00,214,205,419,214,205,419,No Group
Leeds - New,Briggate at McDonalds,2023,January,2,Monday,09-Jan-23,18:00,153,158,311,153,158,311,No Group
Leeds - New,Briggate at McDonalds,2023,January,2,Monday,09-Jan-23,19:00,107,91,198,107,91,198,No Group
Leeds - New,Briggate at McDonalds,2023,January,2,Monday,09-Jan-23,20:00,73,66,139,73,66,139,No Group
Leeds - New,Briggate at McDonalds,2023,January,2,Monday,09-Jan-23,21:00,50,40,90,50,40,90,No Group
Leeds - New,Briggate at McDonalds,2023,January,2,Monday,09-Jan-23,22:00,53,47,100,53,47,100,No Group
Leeds - New,Briggate at McDonalds,2023,January,2,Monday,09-Jan-23,23:00,29,35,64,29,35,64,No Group
Leeds - New,Briggate at McDonalds,2023,January,2,Tuesday,10-Jan-23,00:00,8,12,20,8,12,20,No Group
Leeds - New,Briggate at McDonalds,2023,January,2,Tuesday,10-Jan-23,01:00,16,8,24,16,8,24,No Group
Leeds - New,Briggate at McDonalds,2023,January,2,Tuesday,10-Jan-23,02:00,11,9,20,11,9,20,No Group
Leeds - New,Briggate at McDonalds,2023,January,2,Tuesday,10-Jan-23,03:00,7,4,11,7,4,11,No Group
Leeds - New,Briggate at McDonalds,2023,January,2,Tuesday,10-Jan-23,04:00,4,3,7,4,3,7,No Group
Leeds - New,Briggate at McDonalds,2023,January,2,Tuesday,10-Jan-23,05:00,9,1,10,9,1,10,No Group
Leeds - New,Briggate at McDonalds,2023,January,2,Tuesday,10-Jan-23,06:00,22,5,27,22,5,27,No Group
Leeds - New,Briggate at McDonalds,2023,January,2,Tuesday,10-Jan-23,07:00,41,18,59,41,18,59,No Group
Leeds - New,Briggate at McDonalds,2023,January,2,Tuesday,10-Jan-23,08:00,94,49,143,94,49,143,No Group
Leeds - New,Briggate at McDonalds,2023,January,2,Tuesday,10-Jan-23,09:00,133,102,235,133,102,235,No Group
Leeds - New,Briggate at McDonalds,2023,January,2,Tuesday,10-Jan-23,10:00,241,211,452,241,211,452,No Group
Leeds - New,Briggate at McDonalds,2023,January,2,Tuesday,10-Jan-23,11:00,378,322,700,378,322,700,No Group
Leeds - New,Briggate at McDonalds,2023,January,2,Tuesday,10-Jan-23,12:00,456,470,926,456,470,926,No Group
Leeds - New,Briggate at McDonalds,2023,January,2,Tuesday,10-Jan-23,13:00,533,433,966,533,433,966,No Group
Leeds - New,Briggate at McDonalds,2023,January,2,Tuesday,10-Jan-23,14:00,462,435,897,462,435,897,No Group
Leeds - New,Briggate at McDonalds,2023,January,2,Tuesday,10-Jan-23,15:00,407,378,785,407,378,785,No Group
Leeds - New,Briggate at McDonalds,2023,January,2,Tuesday,10-Jan-23,16:00,240,215,455,240,215,455,No Group
Leeds - New,Briggate at McDonalds,2023,January,2,Tuesday,10-Jan-23,17:00,169,204,373,169,204,373,No Group
Leeds - New,Briggate at McDonalds,2023,January,2,Tuesday,10-Jan-23,18:00,104,149,253,104,149,253,No Group
Leeds - New,Briggate at McDonalds,2023,January,2,Tuesday,10-Jan-23,19:00,50,65,115,50,65,115,No Group
Leeds - New,Briggate at McDonalds,2023,January,2,Tuesday,10-Jan-23,20:00,33,35,68,33,35,68,No Group
Leeds - New,Briggate at McDonalds,2023,January,2,Tuesday,10-Jan-23,21:00,33,26,59,33,26,59,No Group
Leeds - New,Briggate at McDonalds,2023,January,2,Tuesday,10-Jan-23,22:00,58,32,90,58,32,90,No Group
Leeds - New,Briggate at McDonalds,2023,January,2,Tuesday,10-Jan-23,23:00,22,20,42,22,20,42,No Group
Leeds - New,Briggate at McDonalds,2023,January,2,Wednesday,11-Jan-23,00:00,9,11,20,9,11,20,No Group
Leeds - New,Briggate at McDonalds,2023,January,2,Wednesday,11-Jan-23,01:00,11,9,20,11,9,20,No Group
Leeds - New,Briggate at McDonalds,2023,January,2,Wednesday,11-Jan-23,02:00,7,5,12,7,5,12,No Group
Leeds - New,Briggate at McDonalds,2023,January,2,Wednesday,11-Jan-23,03:00,3,8,11,3,8,11,No Group
Leeds - New,Briggate at McDonalds,2023,January,2,Wednesday,11-Jan-23,04:00,7,3,10,7,3,10,No Group
Leeds - New,Briggate at McDonalds,2023,January,2,Wednesday,11-Jan-23,05:00,12,4,16,12,4,16,No Group
Leeds - New,Briggate at McDonalds,2023,January,2,Wednesday,11-Jan-23,06:00,39,16,55,39,16,55,No Group
Leeds - New,Briggate at McDonalds,2023,January,2,Wednesday,11-Jan-23,07:00,62,20,82,62,20,82,No Group
Leeds - New,Briggate at McDonalds,2023,January,2,Wednesday,11-Jan-23,08:00,158,97,255,158,97,255,No Group
Leeds - New,Briggate at McDonalds,2023,January,2,Wednesday,11-Jan-23,09:00,151,110,261,151,110,261,No Group
Leeds - New,Briggate at McDonalds,2023,January,2,Wednesday,11-Jan-23,10:00,116,79,195,116,79,195,No Group
Leeds - New,Briggate at McDonalds,2023,January,2,Wednesday,11-Jan-23,11:00,384,365,749,384,365,749,No Group
Leeds - New,Briggate at McDonalds,2023,January,2,Wednesday,11-Jan-23,12:00,705,682,1387,705,682,1387,No Group
Leeds - New,Briggate at McDonalds,2023,January,2,Wednesday,11-Jan-23,13:00,548,527,1075,548,527,1075,No Group
Leeds - New,Briggate at McDonalds,2023,January,2,Wednesday,11-Jan-23,14:00,538,520,1058,538,520,1058,No Group
Leeds - New,Briggate at McDonalds,2023,January,2,Wednesday,11-Jan-23,15:00,532,491,1023,532,491,1023,No Group
Leeds - New,Briggate at McDonalds,2023,January,2,Wednesday,11-Jan-23,16:00,449,378,827,449,378,827,No Group
Leeds - New,Briggate at McDonalds,2023,January,2,Wednesday,11-Jan-23,17:00,358,370,728,358,370,728,No Group
Leeds - New,Briggate at McDonalds,2023,January,2,Wednesday,11-Jan-23,18:00,280,307,587,280,307,587,No Group
Leeds - New,Briggate at McDonalds,2023,January,2,Wednesday,11-Jan-23,19:00,162,211,373,162,211,373,No Group
Leeds - New,Briggate at McDonalds,2023,January,2,Wednesday,11-Jan-23,20:00,113,103,216,113,103,216,No Group
Leeds - New,Briggate at McDonalds,2023,January,2,Wednesday,11-Jan-23,21:00,99,89,188,99,89,188,No Group
Leeds - New,Briggate at McDonalds,2023,January,2,Wednesday,11-Jan-23,22:00,135,61,196,135,61,196,No Group
Leeds - New,Briggate at McDonalds,2023,January,2,Wednesday,11-Jan-23,23:00,58,32,90,58,32,90,No Group
Leeds - New,Briggate at McDonalds,2023,January,2,Thursday,12-Jan-23,00:00,34,34,68,34,34,68,No Group
Leeds - New,Briggate at McDonalds,2023,January,2,Thursday,12-Jan-23,01:00,29,20,49,29,20,49,No Group
Leeds - New,Briggate at McDonalds,2023,January,2,Thursday,12-Jan-23,02:00,9,19,28,9,19,28,No Group
Leeds - New,Briggate at McDonalds,2023,January,2,Thursday,12-Jan-23,03:00,10,10,20,10,10,20,No Group
Leeds - New,Briggate at McDonalds,2023,January,2,Thursday,12-Jan-23,04:00,11,7,18,11,7,18,No Group
Leeds - New,Briggate at McDonalds,2023,January,2,Thursday,12-Jan-23,05:00,13,3,16,13,3,16,No Group
Leeds - New,Briggate at McDonalds,2023,January,2,Thursday,12-Jan-23,06:00,29,14,43,29,14,43,No Group
Leeds - New,Briggate at McDonalds,2023,January,2,Thursday,12-Jan-23,07:00,75,29,104,75,29,104,No Group
Leeds - New,Briggate at McDonalds,2023,January,2,Thursday,12-Jan-23,08:00,166,92,258,166,92,258,No Group
Leeds - New,Briggate at McDonalds,2023,January,2,Thursday,12-Jan-23,09:00,168,97,265,168,97,265,No Group
Leeds - New,Briggate at McDonalds,2023,January,2,Thursday,12-Jan-23,10:00,146,118,264,146,118,264,No Group
Leeds - New,Briggate at McDonalds,2023,January,2,Thursday,12-Jan-23,11:00,426,424,850,426,424,850,No Group
Leeds - New,Briggate at McDonalds,2023,January,2,Thursday,12-Jan-23,12:00,804,715,1519,804,715,1519,No Group
Leeds - New,Briggate at McDonalds,2023,January,2,Thursday,12-Jan-23,13:00,545,494,1039,545,494,1039,No Group
Leeds - New,Briggate at McDonalds,2023,January,2,Thursday,12-Jan-23,14:00,536,505,1041,536,505,1041,No Group
Leeds - New,Briggate at McDonalds,2023,January,2,Thursday,12-Jan-23,15:00,457,448,905,457,448,905,No Group
Leeds - New,Briggate at McDonalds,2023,January,2,Thursday,12-Jan-23,16:00,253,221,474,253,221,474,No Group
Leeds - New,Briggate at McDonalds,2023,January,2,Thursday,12-Jan-23,17:00,170,174,344,170,174,344,No Group
Leeds - New,Briggate at McDonalds,2023,January,2,Thursday,12-Jan-23,18:00,135,161,296,135,161,296,No Group
Leeds - New,Briggate at McDonalds,2023,January,2,Thursday,12-Jan-23,19:00,96,111,207,96,111,207,No Group
Leeds - New,Briggate at McDonalds,2023,January,2,Thursday,12-Jan-23,20:00,53,52,105,53,52,105,No Group
Leeds - New,Briggate at McDonalds,2023,January,2,Thursday,12-Jan-23,21:00,53,45,98,53,45,98,No Group
Leeds - New,Briggate at McDonalds,2023,January,2,Thursday,12-Jan-23,22:00,118,70,188,118,70,188,No Group
Leeds - New,Briggate at McDonalds,2023,January,2,Thursday,12-Jan-23,23:00,48,49,97,48,49,97,No Group
Leeds - New,Briggate at McDonalds,2023,January,2,Friday,13-Jan-23,00:00,61,28,89,61,28,89,No Group
Leeds - New,Briggate at McDonalds,2023,January,2,Friday,13-Jan-23,01:00,22,17,39,22,17,39,No Group
Leeds - New,Briggate at McDonalds,2023,January,2,Friday,13-Jan-23,02:00,26,26,52,26,26,52,No Group
Leeds - New,Briggate at McDonalds,2023,January,2,Friday,13-Jan-23,03:00,16,24,40,16,24,40,No Group
Leeds - New,Briggate at McDonalds,2023,January,2,Friday,13-Jan-23,04:00,9,23,32,9,23,32,No Group
Leeds - New,Briggate at McDonalds,2023,January,2,Friday,13-Jan-23,05:00,12,4,16,12,4,16,No Group
Leeds - New,Briggate at McDonalds,2023,January,2,Friday,13-Jan-23,06:00,22,11,33,22,11,33,No Group
Leeds - New,Briggate at McDonalds,2023,January,2,Friday,13-Jan-23,07:00,40,11,51,40,11,51,No Group
Leeds - New,Briggate at McDonalds,2023,January,2,Friday,13-Jan-23,08:00,133,71,204,133,71,204,No Group
Leeds - New,Briggate at McDonalds,2023,January,2,Friday,13-Jan-23,09:00,158,114,272,158,114,272,No Group
Leeds - New,Briggate at McDonalds,2023,January,2,Friday,13-Jan-23,10:00,162,126,288,162,126,288,No Group
Leeds - New,Briggate at McDonalds,2023,January,2,Friday,13-Jan-23,11:00,409,403,812,409,403,812,No Group
Leeds - New,Briggate at McDonalds,2023,January,2,Friday,13-Jan-23,12:00,561,573,1134,561,573,1134,No Group
Leeds - New,Briggate at McDonalds,2023,January,2,Friday,13-Jan-23,13:00,713,626,1339,713,626,1339,No Group
Leeds - New,Briggate at McDonalds,2023,January,2,Friday,13-Jan-23,14:00,710,718,1428,710,718,1428,No Group
Leeds - New,Briggate at McDonalds,2023,January,2,Friday,13-Jan-23,15:00,603,589,1192,603,589,1192,No Group
Leeds - New,Briggate at McDonalds,2023,January,2,Friday,13-Jan-23,16:00,328,323,651,328,323,651,No Group
Leeds - New,Briggate at McDonalds,2023,January,2,Friday,13-Jan-23,17:00,191,243,434,191,243,434,No Group
Leeds - New,Briggate at McDonalds,2023,January,2,Friday,13-Jan-23,18:00,158,177,335,158,177,335,No Group
Leeds - New,Briggate at McDonalds,2023,January,2,Friday,13-Jan-23,19:00,111,143,254,111,143,254,No Group
Leeds - New,Briggate at McDonalds,2023,January,2,Friday,13-Jan-23,20:00,92,81,173,92,81,173,No Group
Leeds - New,Briggate at McDonalds,2023,January,2,Friday,13-Jan-23,21:00,67,53,120,67,53,120,No Group
Leeds - New,Briggate at McDonalds,2023,January,2,Friday,13-Jan-23,22:00,114,83,197,114,83,197,No Group
Leeds - New,Briggate at McDonalds,2023,January,2,Friday,13-Jan-23,23:00,85,72,157,85,72,157,No Group
Leeds - New,Briggate at McDonalds,2023,January,2,Saturday,14-Jan-23,00:00,76,66,142,76,66,142,No Group
Leeds - New,Briggate at McDonalds,2023,January,2,Saturday,14-Jan-23,01:00,71,44,115,71,44,115,No Group
Leeds - New,Briggate at McDonalds,2023,January,2,Saturday,14-Jan-23,02:00,41,30,71,41,30,71,No Group
Leeds - New,Briggate at McDonalds,2023,January,2,Saturday,14-Jan-23,03:00,32,41,73,32,41,73,No Group
Leeds - New,Briggate at McDonalds,2023,January,2,Saturday,14-Jan-23,04:00,17,18,35,17,18,35,No Group
Leeds - New,Briggate at McDonalds,2023,January,2,Saturday,14-Jan-23,05:00,28,15,43,28,15,43,No Group
Leeds - New,Briggate at McDonalds,2023,January,2,Saturday,14-Jan-23,06:00,9,12,21,9,12,21,No Group
Leeds - New,Briggate at McDonalds,2023,January,2,Saturday,14-Jan-23,07:00,27,9,36,27,9,36,No Group
Leeds - New,Briggate at McDonalds,2023,January,2,Saturday,14-Jan-23,08:00,114,57,171,114,57,171,No Group
Leeds - New,Briggate at McDonalds,2023,January,2,Saturday,14-Jan-23,09:00,229,150,379,229,150,379,No Group
Leeds - New,Briggate at McDonalds,2023,January,2,Saturday,14-Jan-23,10:00,448,366,814,448,366,814,No Group
Leeds - New,Briggate at McDonalds,2023,January,2,Saturday,14-Jan-23,11:00,604,547,1151,604,547,1151,No Group
Leeds - New,Briggate at McDonalds,2023,January,2,Saturday,14-Jan-23,12:00,748,701,1449,748,701,1449,No Group
Leeds - New,Briggate at McDonalds,2023,January,2,Saturday,14-Jan-23,13:00,916,921,1837,916,921,1837,No Group
Leeds - New,Briggate at McDonalds,2023,January,2,Saturday,14-Jan-23,14:00,979,991,1970,979,991,1970,No Group
Leeds - New,Briggate at McDonalds,2023,January,2,Saturday,14-Jan-23,15:00,739,869,1608,739,869,1608,No Group
Leeds - New,Briggate at McDonalds,2023,January,2,Saturday,14-Jan-23,16:00,352,358,710,352,358,710,No Group
Leeds - New,Briggate at McDonalds,2023,January,2,Saturday,14-Jan-23,17:00,231,245,476,231,245,476,No Group
Leeds - New,Briggate at McDonalds,2023,January,2,Saturday,14-Jan-23,18:00,187,252,439,187,252,439,No Group
Leeds - New,Briggate at McDonalds,2023,January,2,Saturday,14-Jan-23,19:00,134,186,320,134,186,320,No Group
Leeds - New,Briggate at McDonalds,2023,January,2,Saturday,14-Jan-23,20:00,100,97,197,100,97,197,No Group
Leeds - New,Briggate at McDonalds,2023,January,2,Saturday,14-Jan-23,21:00,106,97,203,106,97,203,No Group
Leeds - New,Briggate at McDonalds,2023,January,2,Saturday,14-Jan-23,22:00,164,121,285,164,121,285,No Group
Leeds - New,Briggate at McDonalds,2023,January,2,Saturday,14-Jan-23,23:00,93,93,186,93,93,186,No Group
Leeds - New,Briggate at McDonalds,2023,January,2,Sunday,15-Jan-23,00:00,112,86,198,112,86,198,No Group
Leeds - New,Briggate at McDonalds,2023,January,2,Sunday,15-Jan-23,01:00,82,51,133,82,51,133,No Group
Leeds - New,Briggate at McDonalds,2023,January,2,Sunday,15-Jan-23,02:00,39,45,84,39,45,84,No Group
Leeds - New,Briggate at McDonalds,2023,January,2,Sunday,15-Jan-23,03:00,51,54,105,51,54,105,No Group
Leeds - New,Briggate at McDonalds,2023,January,2,Sunday,15-Jan-23,04:00,25,39,64,25,39,64,No Group
Leeds - New,Briggate at McDonalds,2023,January,2,Sunday,15-Jan-23,05:00,12,29,41,12,29,41,No Group
Leeds - New,Briggate at McDonalds,2023,January,2,Sunday,15-Jan-23,06:00,25,12,37,25,12,37,No Group
Leeds - New,Briggate at McDonalds,2023,January,2,Sunday,15-Jan-23,07:00,25,18,43,25,18,43,No Group
Leeds - New,Briggate at McDonalds,2023,January,2,Sunday,15-Jan-23,08:00,54,37,91,54,37,91,No Group
Leeds - New,Briggate at McDonalds,2023,January,2,Sunday,15-Jan-23,09:00,97,67,164,97,67,164,No Group
Leeds - New,Briggate at McDonalds,2023,January,2,Sunday,15-Jan-23,10:00,191,127,318,191,127,318,No Group
Leeds - New,Briggate at McDonalds,2023,January,2,Sunday,15-Jan-23,11:00,340,261,601,340,261,601,No Group
Leeds - New,Briggate at McDonalds,2023,January,2,Sunday,15-Jan-23,12:00,569,484,1053,569,484,1053,No Group
Leeds - New,Briggate at McDonalds,2023,January,2,Sunday,15-Jan-23,13:00,522,505,1027,522,505,1027,No Group
Leeds - New,Briggate at McDonalds,2023,January,2,Sunday,15-Jan-23,14:00,503,535,1038,503,535,1038,No Group
Leeds - New,Briggate at McDonalds,2023,January,2,Sunday,15-Jan-23,15:00,503,598,1101,503,598,1101,No Group
Leeds - New,Briggate at McDonalds,2023,January,2,Sunday,15-Jan-23,16:00,249,314,563,249,314,563,No Group
Leeds - New,Briggate at McDonalds,2023,January,2,Sunday,15-Jan-23,17:00,98,98,196,98,98,196,No Group
Leeds - New,Briggate at McDonalds,2023,January,2,Sunday,15-Jan-23,18:00,53,47,100,53,47,100,No Group
Leeds - New,Briggate at McDonalds,2023,January,2,Sunday,15-Jan-23,19:00,37,28,65,37,28,65,No Group
Leeds - New,Briggate at McDonalds,2023,January,2,Sunday,15-Jan-23,20:00,43,25,68,43,25,68,No Group
Leeds - New,Briggate at McDonalds,2023,January,2,Sunday,15-Jan-23,21:00,37,30,67,37,30,67,No Group
Leeds - New,Briggate at McDonalds,2023,January,2,Sunday,15-Jan-23,22:00,30,22,52,30,22,52,No Group
Leeds - New,Briggate at McDonalds,2023,January,2,Sunday,15-Jan-23,23:00,27,15,42,27,15,42,No Group
Leeds - New,Commercial Street at Sharps,2023,January,2,Monday,09-Jan-23,00:00,14,15,29,14,15,29,No Group
Leeds - New,Commercial Street at Sharps,2023,January,2,Monday,09-Jan-23,01:00,3,8,11,3,8,11,No Group
Leeds - New,Commercial Street at Sharps,2023,January,2,Monday,09-Jan-23,02:00,2,6,8,2,6,8,No Group
Leeds - New,Commercial Street at Sharps,2023,January,2,Monday,09-Jan-23,03:00,19,11,30,19,11,30,No Group
Leeds - New,Commercial Street at Sharps,2023,January,2,Monday,09-Jan-23,04:00,21,6,27,21,6,27,No Group
Leeds - New,Commercial Street at Sharps,2023,January,2,Monday,09-Jan-23,05:00,29,19,48,29,19,48,No Group
Leeds - New,Commercial Street at Sharps,2023,January,2,Monday,09-Jan-23,06:00,71,36,107,71,36,107,No Group
Leeds - New,Commercial Street at Sharps,2023,January,2,Monday,09-Jan-23,07:00,101,53,154,101,53,154,No Group
Leeds - New,Commercial Street at Sharps,2023,January,2,Monday,09-Jan-23,08:00,383,206,589,383,206,589,No Group
Leeds - New,Commercial Street at Sharps,2023,January,2,Monday,09-Jan-23,09:00,343,266,609,343,266,609,No Group
Leeds - New,Commercial Street at Sharps,2023,January,2,Monday,09-Jan-23,10:00,324,369,693,324,369,693,No Group
Leeds - New,Commercial Street at Sharps,2023,January,2,Monday,09-Jan-23,11:00,394,449,843,394,449,843,No Group
Leeds - New,Commercial Street at Sharps,2023,January,2,Monday,09-Jan-23,12:00,698,798,1496,698,798,1496,No Group
Leeds - New,Commercial Street at Sharps,2023,January,2,Monday,09-Jan-23,13:00,575,615,1190,575,615,1190,No Group
Leeds - New,Commercial Street at Sharps,2023,January,2,Monday,09-Jan-23,14:00,569,679,1248,569,679,1248,No Group
Leeds - New,Commercial Street at Sharps,2023,January,2,Monday,09-Jan-23,15:00,711,795,1506,711,795,1506,No Group
Leeds - New,Commercial Street at Sharps,2023,January,2,Monday,09-Jan-23,16:00,449,654,1103,449,654,1103,No Group
Leeds - New,Commercial Street at Sharps,2023,January,2,Monday,09-Jan-23,17:00,370,511,881,370,511,881,No Group
Leeds - New,Commercial Street at Sharps,2023,January,2,Monday,09-Jan-23,18:00,297,309,606,297,309,606,No Group
Leeds - New,Commercial Street at Sharps,2023,January,2,Monday,09-Jan-23,19:00,170,217,387,170,217,387,No Group
Leeds - New,Commercial Street at Sharps,2023,January,2,Monday,09-Jan-23,20:00,77,127,204,77,127,204,No Group
Leeds - New,Commercial Street at Sharps,2023,January,2,Monday,09-Jan-23,21:00,26,74,100,26,74,100,No Group
Leeds - New,Commercial Street at Sharps,2023,January,2,Monday,09-Jan-23,22:00,27,86,113,27,86,113,No Group
Leeds - New,Commercial Street at Sharps,2023,January,2,Monday,09-Jan-23,23:00,19,26,45,19,26,45,No Group
Leeds - New,Commercial Street at Sharps,2023,January,2,Tuesday,10-Jan-23,00:00,3,12,15,3,12,15,No Group
Leeds - New,Commercial Street at Sharps,2023,January,2,Tuesday,10-Jan-23,01:00,1,11,12,1,11,12,No Group
Leeds - New,Commercial Street at Sharps,2023,January,2,Tuesday,10-Jan-23,02:00,19,4,23,19,4,23,No Group
Leeds - New,Commercial Street at Sharps,2023,January,2,Tuesday,10-Jan-23,03:00,11,3,14,11,3,14,No Group
Leeds - New,Commercial Street at Sharps,2023,January,2,Tuesday,10-Jan-23,04:00,10,0,10,10,0,10,No Group
Leeds - New,Commercial Street at Sharps,2023,January,2,Tuesday,10-Jan-23,05:00,25,22,47,25,22,47,No Group
Leeds - New,Commercial Street at Sharps,2023,January,2,Tuesday,10-Jan-23,06:00,63,48,111,63,48,111,No Group
Leeds - New,Commercial Street at Sharps,2023,January,2,Tuesday,10-Jan-23,07:00,95,54,149,95,54,149,No Group
Leeds - New,Commercial Street at Sharps,2023,January,2,Tuesday,10-Jan-23,08:00,191,95,286,191,95,286,No Group
Leeds - New,Commercial Street at Sharps,2023,January,2,Tuesday,10-Jan-23,09:00,215,142,357,215,142,357,No Group
Leeds - New,Commercial Street at Sharps,2023,January,2,Tuesday,10-Jan-23,10:00,289,327,616,289,327,616,No Group
Leeds - New,Commercial Street at Sharps,2023,January,2,Tuesday,10-Jan-23,11:00,381,458,839,381,458,839,No Group
Leeds - New,Commercial Street at Sharps,2023,January,2,Tuesday,10-Jan-23,12:00,926,1004,1930,926,1004,1930,No Group
Leeds - New,Commercial Street at Sharps,2023,January,2,Tuesday,10-Jan-23,13:00,1058,1017,2075,1058,1017,2075,No Group
Leeds - New,Commercial Street at Sharps,2023,January,2,Tuesday,10-Jan-23,14:00,719,804,1523,719,804,1523,No Group
Leeds - New,Commercial Street at Sharps,2023,January,2,Tuesday,10-Jan-23,15:00,661,741,1402,661,741,1402,No Group
Leeds - New,Commercial Street at Sharps,2023,January,2,Tuesday,10-Jan-23,16:00,511,598,1109,511,598,1109,No Group
Leeds - New,Commercial Street at Sharps,2023,January,2,Tuesday,10-Jan-23,17:00,508,677,1185,508,677,1185,No Group
Leeds - New,Commercial Street at Sharps,2023,January,2,Tuesday,10-Jan-23,18:00,377,409,786,377,409,786,No Group
Leeds - New,Commercial Street at Sharps,2023,January,2,Tuesday,10-Jan-23,19:00,158,231,389,158,231,389,No Group
Leeds - New,Commercial Street at Sharps,2023,January,2,Tuesday,10-Jan-23,20:00,93,125,218,93,125,218,No Group
Leeds - New,Commercial Street at Sharps,2023,January,2,Tuesday,10-Jan-23,21:00,62,83,145,62,83,145,No Group
Leeds - New,Commercial Street at Sharps,2023,January,2,Tuesday,10-Jan-23,22:00,44,62,106,44,62,106,No Group
Leeds - New,Commercial Street at Sharps,2023,January,2,Tuesday,10-Jan-23,23:00,21,63,84,21,63,84,No Group
Leeds - New,Commercial Street at Sharps,2023,January,2,Wednesday,11-Jan-23,00:00,7,79,86,7,79,86,No Group
Leeds - New,Commercial Street at Sharps,2023,January,2,Wednesday,11-Jan-23,01:00,20,19,39,20,19,39,No Group
Leeds - New,Commercial Street at Sharps,2023,January,2,Wednesday,11-Jan-23,02:00,17,5,22,17,5,22,No Group
Leeds - New,Commercial Street at Sharps,2023,January,2,Wednesday,11-Jan-23,03:00,11,4,15,11,4,15,No Group
Leeds - New,Commercial Street at Sharps,2023,January,2,Wednesday,11-Jan-23,04:00,12,1,13,12,1,13,No Group
Leeds - New,Commercial Street at Sharps,2023,January,2,Wednesday,11-Jan-23,05:00,32,26,58,32,26,58,No Group
Leeds - New,Commercial Street at Sharps,2023,January,2,Wednesday,11-Jan-23,06:00,55,42,97,55,42,97,No Group
Leeds - New,Commercial Street at Sharps,2023,January,2,Wednesday,11-Jan-23,07:00,157,109,266,157,109,266,No Group
Leeds - New,Commercial Street at Sharps,2023,January,2,Wednesday,11-Jan-23,08:00,417,280,697,417,280,697,No Group
Leeds - New,Commercial Street at Sharps,2023,January,2,Wednesday,11-Jan-23,09:00,397,365,762,397,365,762,No Group
Leeds - New,Commercial Street at Sharps,2023,January,2,Wednesday,11-Jan-23,10:00,383,420,803,383,420,803,No Group
Leeds - New,Commercial Street at Sharps,2023,January,2,Wednesday,11-Jan-23,11:00,419,516,935,419,516,935,No Group
Leeds - New,Commercial Street at Sharps,2023,January,2,Wednesday,11-Jan-23,12:00,967,1186,2153,967,1186,2153,No Group
Leeds - New,Commercial Street at Sharps,2023,January,2,Wednesday,11-Jan-23,13:00,1094,1163,2257,1094,1163,2257,No Group
Leeds - New,Commercial Street at Sharps,2023,January,2,Wednesday,11-Jan-23,14:00,733,804,1537,733,804,1537,No Group
Leeds - New,Commercial Street at Sharps,2023,January,2,Wednesday,11-Jan-23,15:00,562,695,1257,562,695,1257,No Group
Leeds - New,Commercial Street at Sharps,2023,January,2,Wednesday,11-Jan-23,16:00,460,513,973,460,513,973,No Group
Leeds - New,Commercial Street at Sharps,2023,January,2,Wednesday,11-Jan-23,17:00,411,587,998,411,587,998,No Group
Leeds - New,Commercial Street at Sharps,2023,January,2,Wednesday,11-Jan-23,18:00,281,387,668,281,387,668,No Group
Leeds - New,Commercial Street at Sharps,2023,January,2,Wednesday,11-Jan-23,19:00,183,257,440,183,257,440,No Group
Leeds - New,Commercial Street at Sharps,2023,January,2,Wednesday,11-Jan-23,20:00,110,156,266,110,156,266,No Group
Leeds - New,Commercial Street at Sharps,2023,January,2,Wednesday,11-Jan-23,21:00,78,101,179,78,101,179,No Group
Leeds - New,Commercial Street at Sharps,2023,January,2,Wednesday,11-Jan-23,22:00,28,47,75,28,47,75,No Group
Leeds - New,Commercial Street at Sharps,2023,January,2,Wednesday,11-Jan-23,23:00,19,28,47,19,28,47,No Group
Leeds - New,Commercial Street at Sharps,2023,January,2,Thursday,12-Jan-23,00:00,10,27,37,10,27,37,No Group
Leeds - New,Commercial Street at Sharps,2023,January,2,Thursday,12-Jan-23,01:00,7,10,17,7,10,17,No Group
Leeds - New,Commercial Street at Sharps,2023,January,2,Thursday,12-Jan-23,02:00,52,52,104,52,52,104,No Group
Leeds - New,Commercial Street at Sharps,2023,January,2,Thursday,12-Jan-23,03:00,22,21,43,22,21,43,No Group
Leeds - New,Commercial Street at Sharps,2023,January,2,Thursday,12-Jan-23,04:00,18,7,25,18,7,25,No Group
Leeds - New,Commercial Street at Sharps,2023,January,2,Thursday,12-Jan-23,05:00,35,42,77,35,42,77,No Group
Leeds - New,Commercial Street at Sharps,2023,January,2,Thursday,12-Jan-23,06:00,42,69,111,42,69,111,No Group
Leeds - New,Commercial Street at Sharps,2023,January,2,Thursday,12-Jan-23,07:00,102,67,169,102,67,169,No Group
Leeds - New,Commercial Street at Sharps,2023,January,2,Thursday,12-Jan-23,08:00,349,222,571,349,222,571,No Group
Leeds - New,Commercial Street at Sharps,2023,January,2,Thursday,12-Jan-23,09:00,360,335,695,360,335,695,No Group
Leeds - New,Commercial Street at Sharps,2023,January,2,Thursday,12-Jan-23,10:00,413,405,818,413,405,818,No Group
Leeds - New,Commercial Street at Sharps,2023,January,2,Thursday,12-Jan-23,11:00,619,687,1306,619,687,1306,No Group
Leeds - New,Commercial Street at Sharps,2023,January,2,Thursday,12-Jan-23,12:00,823,1012,1835,823,1012,1835,No Group
Leeds - New,Commercial Street at Sharps,2023,January,2,Thursday,12-Jan-23,13:00,624,667,1291,624,667,1291,No Group
Leeds - New,Commercial Street at Sharps,2023,January,2,Thursday,12-Jan-23,14:00,631,686,1317,631,686,1317,No Group
Leeds - New,Commercial Street at Sharps,2023,January,2,Thursday,12-Jan-23,15:00,572,710,1282,572,710,1282,No Group
Leeds - New,Commercial Street at Sharps,2023,January,2,Thursday,12-Jan-23,16:00,501,618,1119,501,618,1119,No Group
Leeds - New,Commercial Street at Sharps,2023,January,2,Thursday,12-Jan-23,17:00,543,672,1215,543,672,1215,No Group
Leeds - New,Commercial Street at Sharps,2023,January,2,Thursday,12-Jan-23,18:00,390,484,874,390,484,874,No Group
Leeds - New,Commercial Street at Sharps,2023,January,2,Thursday,12-Jan-23,19:00,195,279,474,195,279,474,No Group
Leeds - New,Commercial Street at Sharps,2023,January,2,Thursday,12-Jan-23,20:00,115,211,326,115,211,326,No Group
Leeds - New,Commercial Street at Sharps,2023,January,2,Thursday,12-Jan-23,21:00,70,79,149,70,79,149,No Group
Leeds - New,Commercial Street at Sharps,2023,January,2,Thursday,12-Jan-23,22:00,35,70,105,35,70,105,No Group
Leeds - New,Commercial Street at Sharps,2023,January,2,Thursday,12-Jan-23,23:00,18,31,49,18,31,49,No Group
Leeds - New,Commercial Street at Sharps,2023,January,2,Friday,13-Jan-23,00:00,14,27,41,14,27,41,No Group
Leeds - New,Commercial Street at Sharps,2023,January,2,Friday,13-Jan-23,01:00,8,24,32,8,24,32,No Group
Leeds - New,Commercial Street at Sharps,2023,January,2,Friday,13-Jan-23,02:00,10,2,12,10,2,12,No Group
Leeds - New,Commercial Street at Sharps,2023,January,2,Friday,13-Jan-23,03:00,9,13,22,9,13,22,No Group
Leeds - New,Commercial Street at Sharps,2023,January,2,Friday,13-Jan-23,04:00,9,5,14,9,5,14,No Group
Leeds - New,Commercial Street at Sharps,2023,January,2,Friday,13-Jan-23,05:00,51,12,63,51,12,63,No Group
Leeds - New,Commercial Street at Sharps,2023,January,2,Friday,13-Jan-23,06:00,45,29,74,45,29,74,No Group
Leeds - New,Commercial Street at Sharps,2023,January,2,Friday,13-Jan-23,07:00,84,66,150,84,66,150,No Group
Leeds - New,Commercial Street at Sharps,2023,January,2,Friday,13-Jan-23,08:00,193,143,336,193,143,336,No Group
Leeds - New,Commercial Street at Sharps,2023,January,2,Friday,13-Jan-23,09:00,408,381,789,408,381,789,No Group
Leeds - New,Commercial Street at Sharps,2023,January,2,Friday,13-Jan-23,10:00,449,557,1006,449,557,1006,No Group
Leeds - New,Commercial Street at Sharps,2023,January,2,Friday,13-Jan-23,11:00,657,769,1426,657,769,1426,No Group
Leeds - New,Commercial Street at Sharps,2023,January,2,Friday,13-Jan-23,12:00,781,956,1737,781,956,1737,No Group
Leeds - New,Commercial Street at Sharps,2023,January,2,Friday,13-Jan-23,13:00,715,794,1509,715,794,1509,No Group
Leeds - New,Commercial Street at Sharps,2023,January,2,Friday,13-Jan-23,14:00,725,811,1536,725,811,1536,No Group
Leeds - New,Commercial Street at Sharps,2023,January,2,Friday,13-Jan-23,15:00,791,902,1693,791,902,1693,No Group
Leeds - New,Commercial Street at Sharps,2023,January,2,Friday,13-Jan-23,16:00,595,746,1341,595,746,1341,No Group
Leeds - New,Commercial Street at Sharps,2023,January,2,Friday,13-Jan-23,17:00,545,719,1264,545,719,1264,No Group
Leeds - New,Commercial Street at Sharps,2023,January,2,Friday,13-Jan-23,18:00,388,534,922,388,534,922,No Group
Leeds - New,Commercial Street at Sharps,2023,January,2,Friday,13-Jan-23,19:00,293,416,709,293,416,709,No Group
Leeds - New,Commercial Street at Sharps,2023,January,2,Friday,13-Jan-23,20:00,188,231,419,188,231,419,No Group
Leeds - New,Commercial Street at Sharps,2023,January,2,Friday,13-Jan-23,21:00,106,182,288,106,182,288,No Group
Leeds - New,Commercial Street at Sharps,2023,January,2,Friday,13-Jan-23,22:00,135,248,383,135,248,383,No Group
Leeds - New,Commercial Street at Sharps,2023,January,2,Friday,13-Jan-23,23:00,69,140,209,69,140,209,No Group
Leeds - New,Commercial Street at Sharps,2023,January,2,Saturday,14-Jan-23,00:00,35,100,135,35,100,135,No Group
Leeds - New,Commercial Street at Sharps,2023,January,2,Saturday,14-Jan-23,01:00,13,70,83,13,70,83,No Group
Leeds - New,Commercial Street at Sharps,2023,January,2,Saturday,14-Jan-23,02:00,28,25,53,28,25,53,No Group
Leeds - New,Commercial Street at Sharps,2023,January,2,Saturday,14-Jan-23,03:00,11,6,17,11,6,17,No Group
Leeds - New,Commercial Street at Sharps,2023,January,2,Saturday,14-Jan-23,04:00,11,2,13,11,2,13,No Group
Leeds - New,Commercial Street at Sharps,2023,January,2,Saturday,14-Jan-23,05:00,15,8,23,15,8,23,No Group
Leeds - New,Commercial Street at Sharps,2023,January,2,Saturday,14-Jan-23,06:00,36,9,45,36,9,45,No Group
Leeds - New,Commercial Street at Sharps,2023,January,2,Saturday,14-Jan-23,07:00,30,17,47,30,17,47,No Group
Leeds - New,Commercial Street at Sharps,2023,January,2,Saturday,14-Jan-23,08:00,108,141,249,108,141,249,No Group
Leeds - New,Commercial Street at Sharps,2023,January,2,Saturday,14-Jan-23,09:00,312,377,689,312,377,689,No Group
Leeds - New,Commercial Street at Sharps,2023,January,2,Saturday,14-Jan-23,10:00,493,580,1073,493,580,1073,No Group
Leeds - New,Commercial Street at Sharps,2023,January,2,Saturday,14-Jan-23,11:00,631,841,1472,631,841,1472,No Group
Leeds - New,Commercial Street at Sharps,2023,January,2,Saturday,14-Jan-23,12:00,684,859,1543,684,859,1543,No Group
Leeds - New,Commercial Street at Sharps,2023,January,2,Saturday,14-Jan-23,13:00,936,1074,2010,936,1074,2010,No Group
Leeds - New,Commercial Street at Sharps,2023,January,2,Saturday,14-Jan-23,14:00,1326,1582,2908,1326,1582,2908,No Group
Leeds - New,Commercial Street at Sharps,2023,January,2,Saturday,14-Jan-23,15:00,1524,1767,3291,1524,1767,3291,No Group
Leeds - New,Commercial Street at Sharps,2023,January,2,Saturday,14-Jan-23,16:00,963,1168,2131,963,1168,2131,No Group
Leeds - New,Commercial Street at Sharps,2023,January,2,Saturday,14-Jan-23,17:00,650,832,1482,650,832,1482,No Group
Leeds - New,Commercial Street at Sharps,2023,January,2,Saturday,14-Jan-23,18:00,437,595,1032,437,595,1032,No Group
Leeds - New,Commercial Street at Sharps,2023,January,2,Saturday,14-Jan-23,19:00,246,308,554,246,308,554,No Group
Leeds - New,Commercial Street at Sharps,2023,January,2,Saturday,14-Jan-23,20:00,135,202,337,135,202,337,No Group
Leeds - New,Commercial Street at Sharps,2023,January,2,Saturday,14-Jan-23,21:00,83,124,207,83,124,207,No Group
Leeds - New,Commercial Street at Sharps,2023,January,2,Saturday,14-Jan-23,22:00,106,173,279,106,173,279,No Group
Leeds - New,Commercial Street at Sharps,2023,January,2,Saturday,14-Jan-23,23:00,60,150,210,60,150,210,No Group
Leeds - New,Commercial Street at Sharps,2023,January,2,Sunday,15-Jan-23,00:00,63,199,262,63,199,262,No Group
Leeds - New,Commercial Street at Sharps,2023,January,2,Sunday,15-Jan-23,01:00,33,121,154,33,121,154,No Group
Leeds - New,Commercial Street at Sharps,2023,January,2,Sunday,15-Jan-23,02:00,26,49,75,26,49,75,No Group
Leeds - New,Commercial Street at Sharps,2023,January,2,Sunday,15-Jan-23,03:00,14,18,32,14,18,32,No Group
Leeds - New,Commercial Street at Sharps,2023,January,2,Sunday,15-Jan-23,04:00,12,12,24,12,12,24,No Group
Leeds - New,Commercial Street at Sharps,2023,January,2,Sunday,15-Jan-23,05:00,13,5,18,13,5,18,No Group
Leeds - New,Commercial Street at Sharps,2023,January,2,Sunday,15-Jan-23,06:00,12,1,13,12,1,13,No Group
Leeds - New,Commercial Street at Sharps,2023,January,2,Sunday,15-Jan-23,07:00,14,16,30,14,16,30,No Group
Leeds - New,Commercial Street at Sharps,2023,January,2,Sunday,15-Jan-23,08:00,51,32,83,51,32,83,No Group
Leeds - New,Commercial Street at Sharps,2023,January,2,Sunday,15-Jan-23,09:00,96,86,182,96,86,182,No Group
Leeds - New,Commercial Street at Sharps,2023,January,2,Sunday,15-Jan-23,10:00,207,275,482,207,275,482,No Group
Leeds - New,Commercial Street at Sharps,2023,January,2,Sunday,15-Jan-23,11:00,435,579,1014,435,579,1014,No Group
Leeds - New,Commercial Street at Sharps,2023,January,2,Sunday,15-Jan-23,12:00,522,563,1085,522,563,1085,No Group
Leeds - New,Commercial Street at Sharps,2023,January,2,Sunday,15-Jan-23,13:00,582,715,1297,582,715,1297,No Group
Leeds - New,Commercial Street at Sharps,2023,January,2,Sunday,15-Jan-23,14:00,867,1090,1957,867,1090,1957,No Group
Leeds - New,Commercial Street at Sharps,2023,January,2,Sunday,15-Jan-23,15:00,960,1171,2131,960,1171,2131,No Group
Leeds - New,Commercial Street at Sharps,2023,January,2,Sunday,15-Jan-23,16:00,838,933,1771,838,933,1771,No Group
Leeds - New,Commercial Street at Sharps,2023,January,2,Sunday,15-Jan-23,17:00,293,406,699,293,406,699,No Group
Leeds - New,Commercial Street at Sharps,2023,January,2,Sunday,15-Jan-23,18:00,167,228,395,167,228,395,No Group
Leeds - New,Commercial Street at Sharps,2023,January,2,Sunday,15-Jan-23,19:00,105,167,272,105,167,272,No Group
Leeds - New,Commercial Street at Sharps,2023,January,2,Sunday,15-Jan-23,20:00,97,98,195,97,98,195,No Group
Leeds - New,Commercial Street at Sharps,2023,January,2,Sunday,15-Jan-23,21:00,59,76,135,59,76,135,No Group
Leeds - New,Commercial Street at Sharps,2023,January,2,Sunday,15-Jan-23,22:00,52,75,127,52,75,127,No Group
Leeds - New,Commercial Street at Sharps,2023,January,2,Sunday,15-Jan-23,23:00,15,32,47,15,32,47,No Group
Leeds - New,Dortmund Square,2023,January,2,Monday,09-Jan-23,00:00,12,12,24,12,12,24,No Group
Leeds - New,Dortmund Square,2023,January,2,Monday,09-Jan-23,01:00,6,22,28,6,22,28,No Group
Leeds - New,Dortmund Square,2023,January,2,Monday,09-Jan-23,02:00,4,7,11,4,7,11,No Group
Leeds - New,Dortmund Square,2023,January,2,Monday,09-Jan-23,03:00,0,2,2,0,2,2,No Group
Leeds - New,Dortmund Square,2023,January,2,Monday,09-Jan-23,04:00,0,9,9,0,9,9,No Group
Leeds - New,Dortmund Square,2023,January,2,Monday,09-Jan-23,05:00,4,20,24,4,20,24,No Group
Leeds - New,Dortmund Square,2023,January,2,Monday,09-Jan-23,06:00,29,61,90,29,61,90,No Group
Leeds - New,Dortmund Square,2023,January,2,Monday,09-Jan-23,07:00,91,113,204,91,113,204,No Group
Leeds - New,Dortmund Square,2023,January,2,Monday,09-Jan-23,08:00,180,214,394,180,214,394,No Group
Leeds - New,Dortmund Square,2023,January,2,Monday,09-Jan-23,09:00,249,234,483,249,234,483,No Group
Leeds - New,Dortmund Square,2023,January,2,Monday,09-Jan-23,10:00,311,321,632,311,321,632,No Group
Leeds - New,Dortmund Square,2023,January,2,Monday,09-Jan-23,11:00,473,386,859,473,386,859,No Group
Leeds - New,Dortmund Square,2023,January,2,Monday,09-Jan-23,12:00,631,634,1265,631,634,1265,No Group
Leeds - New,Dortmund Square,2023,January,2,Monday,09-Jan-23,13:00,753,621,1374,753,621,1374,No Group
Leeds - New,Dortmund Square,2023,January,2,Monday,09-Jan-23,14:00,636,519,1155,636,519,1155,No Group
Leeds - New,Dortmund Square,2023,January,2,Monday,09-Jan-23,15:00,622,536,1158,622,536,1158,No Group
Leeds - New,Dortmund Square,2023,January,2,Monday,09-Jan-23,16:00,689,566,1255,689,566,1255,No Group
Leeds - New,Dortmund Square,2023,January,2,Monday,09-Jan-23,17:00,632,493,1125,632,493,1125,No Group
Leeds - New,Dortmund Square,2023,January,2,Monday,09-Jan-23,18:00,390,366,756,390,366,756,No Group
Leeds - New,Dortmund Square,2023,January,2,Monday,09-Jan-23,19:00,247,153,400,247,153,400,No Group
Leeds - New,Dortmund Square,2023,January,2,Monday,09-Jan-23,20:00,198,102,300,198,102,300,No Group
Leeds - New,Dortmund Square,2023,January,2,Monday,09-Jan-23,21:00,91,60,151,91,60,151,No Group
Leeds - New,Dortmund Square,2023,January,2,Monday,09-Jan-23,22:00,54,66,120,54,66,120,No Group
Leeds - New,Dortmund Square,2023,January,2,Monday,09-Jan-23,23:00,45,40,85,45,40,85,No Group
Leeds - New,Dortmund Square,2023,January,2,Tuesday,10-Jan-23,00:00,23,25,48,23,25,48,No Group
Leeds - New,Dortmund Square,2023,January,2,Tuesday,10-Jan-23,01:00,9,20,29,9,20,29,No Group
Leeds - New,Dortmund Square,2023,January,2,Tuesday,10-Jan-23,02:00,12,6,18,12,6,18,No Group
Leeds - New,Dortmund Square,2023,January,2,Tuesday,10-Jan-23,03:00,4,3,7,4,3,7,No Group
Leeds - New,Dortmund Square,2023,January,2,Tuesday,10-Jan-23,04:00,12,3,15,12,3,15,No Group
Leeds - New,Dortmund Square,2023,January,2,Tuesday,10-Jan-23,05:00,12,17,29,12,17,29,No Group
Leeds - New,Dortmund Square,2023,January,2,Tuesday,10-Jan-23,06:00,26,62,88,26,62,88,No Group
Leeds - New,Dortmund Square,2023,January,2,Tuesday,10-Jan-23,07:00,107,100,207,107,100,207,No Group
Leeds - New,Dortmund Square,2023,January,2,Tuesday,10-Jan-23,08:00,188,207,395,188,207,395,No Group
Leeds - New,Dortmund Square,2023,January,2,Tuesday,10-Jan-23,09:00,170,189,359,170,189,359,No Group
Leeds - New,Dortmund Square,2023,January,2,Tuesday,10-Jan-23,10:00,207,169,376,207,169,376,No Group
Leeds - New,Dortmund Square,2023,January,2,Tuesday,10-Jan-23,11:00,324,296,620,324,296,620,No Group
Leeds - New,Dortmund Square,2023,January,2,Tuesday,10-Jan-23,12:00,468,459,927,468,459,927,No Group
Leeds - New,Dortmund Square,2023,January,2,Tuesday,10-Jan-23,13:00,511,442,953,511,442,953,No Group
Leeds - New,Dortmund Square,2023,January,2,Tuesday,10-Jan-23,14:00,489,432,921,489,432,921,No Group
Leeds - New,Dortmund Square,2023,January,2,Tuesday,10-Jan-23,15:00,615,487,1102,615,487,1102,No Group
Leeds - New,Dortmund Square,2023,January,2,Tuesday,10-Jan-23,16:00,715,469,1184,715,469,1184,No Group
Leeds - New,Dortmund Square,2023,January,2,Tuesday,10-Jan-23,17:00,650,494,1144,650,494,1144,No Group
Leeds - New,Dortmund Square,2023,January,2,Tuesday,10-Jan-23,18:00,371,324,695,371,324,695,No Group
Leeds - New,Dortmund Square,2023,January,2,Tuesday,10-Jan-23,19:00,199,198,397,199,198,397,No Group
Leeds - New,Dortmund Square,2023,January,2,Tuesday,10-Jan-23,20:00,218,117,335,218,117,335,No Group
Leeds - New,Dortmund Square,2023,January,2,Tuesday,10-Jan-23,21:00,129,72,201,129,72,201,No Group
Leeds - New,Dortmund Square,2023,January,2,Tuesday,10-Jan-23,22:00,89,67,156,89,67,156,No Group
Leeds - New,Dortmund Square,2023,January,2,Tuesday,10-Jan-23,23:00,44,25,69,44,25,69,No Group
Leeds - New,Dortmund Square,2023,January,2,Wednesday,11-Jan-23,00:00,14,21,35,14,21,35,No Group
Leeds - New,Dortmund Square,2023,January,2,Wednesday,11-Jan-23,01:00,6,9,15,6,9,15,No Group
Leeds - New,Dortmund Square,2023,January,2,Wednesday,11-Jan-23,02:00,6,4,10,6,4,10,No Group
Leeds - New,Dortmund Square,2023,January,2,Wednesday,11-Jan-23,03:00,4,5,9,4,5,9,No Group
Leeds - New,Dortmund Square,2023,January,2,Wednesday,11-Jan-23,04:00,6,7,13,6,7,13,No Group
Leeds - New,Dortmund Square,2023,January,2,Wednesday,11-Jan-23,05:00,9,17,26,9,17,26,No Group
Leeds - New,Dortmund Square,2023,January,2,Wednesday,11-Jan-23,06:00,37,54,91,37,54,91,No Group
Leeds - New,Dortmund Square,2023,January,2,Wednesday,11-Jan-23,07:00,100,127,227,100,127,227,No Group
Leeds - New,Dortmund Square,2023,January,2,Wednesday,11-Jan-23,08:00,198,259,457,198,259,457,No Group
Leeds - New,Dortmund Square,2023,January,2,Wednesday,11-Jan-23,09:00,239,236,475,239,236,475,No Group
Leeds - New,Dortmund Square,2023,January,2,Wednesday,11-Jan-23,10:00,300,323,623,300,323,623,No Group
Leeds - New,Dortmund Square,2023,January,2,Wednesday,11-Jan-23,11:00,444,429,873,444,429,873,No Group
Leeds - New,Dortmund Square,2023,January,2,Wednesday,11-Jan-23,12:00,682,620,1302,682,620,1302,No Group
Leeds - New,Dortmund Square,2023,January,2,Wednesday,11-Jan-23,13:00,648,530,1178,648,530,1178,No Group
Leeds - New,Dortmund Square,2023,January,2,Wednesday,11-Jan-23,14:00,497,380,877,497,380,877,No Group
Leeds - New,Dortmund Square,2023,January,2,Wednesday,11-Jan-23,15:00,539,444,983,539,444,983,No Group
Leeds - New,Dortmund Square,2023,January,2,Wednesday,11-Jan-23,16:00,666,516,1182,666,516,1182,No Group
Leeds - New,Dortmund Square,2023,January,2,Wednesday,11-Jan-23,17:00,597,482,1079,597,482,1079,No Group
Leeds - New,Dortmund Square,2023,January,2,Wednesday,11-Jan-23,18:00,357,344,701,357,344,701,No Group
Leeds - New,Dortmund Square,2023,January,2,Wednesday,11-Jan-23,19:00,290,225,515,290,225,515,No Group
Leeds - New,Dortmund Square,2023,January,2,Wednesday,11-Jan-23,20:00,160,136,296,160,136,296,No Group
Leeds - New,Dortmund Square,2023,January,2,Wednesday,11-Jan-23,21:00,127,63,190,127,63,190,No Group
Leeds - New,Dortmund Square,2023,January,2,Wednesday,11-Jan-23,22:00,70,46,116,70,46,116,No Group
Leeds - New,Dortmund Square,2023,January,2,Wednesday,11-Jan-23,23:00,54,26,80,54,26,80,No Group
Leeds - New,Dortmund Square,2023,January,2,Thursday,12-Jan-23,00:00,5,14,19,5,14,19,No Group
Leeds - New,Dortmund Square,2023,January,2,Thursday,12-Jan-23,01:00,9,7,16,9,7,16,No Group
Leeds - New,Dortmund Square,2023,January,2,Thursday,12-Jan-23,02:00,0,4,4,0,4,4,No Group
Leeds - New,Dortmund Square,2023,January,2,Thursday,12-Jan-23,03:00,3,13,16,3,13,16,No Group
Leeds - New,Dortmund Square,2023,January,2,Thursday,12-Jan-23,04:00,3,6,9,3,6,9,No Group
Leeds - New,Dortmund Square,2023,January,2,Thursday,12-Jan-23,05:00,9,16,25,9,16,25,No Group
Leeds - New,Dortmund Square,2023,January,2,Thursday,12-Jan-23,06:00,47,60,107,47,60,107,No Group
Leeds - New,Dortmund Square,2023,January,2,Thursday,12-Jan-23,07:00,102,141,243,102,141,243,No Group
Leeds - New,Dortmund Square,2023,January,2,Thursday,12-Jan-23,08:00,221,249,470,221,249,470,No Group
Leeds - New,Dortmund Square,2023,January,2,Thursday,12-Jan-23,09:00,261,278,539,261,278,539,No Group
Leeds - New,Dortmund Square,2023,January,2,Thursday,12-Jan-23,10:00,330,346,676,330,346,676,No Group
Leeds - New,Dortmund Square,2023,January,2,Thursday,12-Jan-23,11:00,394,423,817,394,423,817,No Group
Leeds - New,Dortmund Square,2023,January,2,Thursday,12-Jan-23,12:00,571,528,1099,571,528,1099,No Group
Leeds - New,Dortmund Square,2023,January,2,Thursday,12-Jan-23,13:00,695,591,1286,695,591,1286,No Group
Leeds - New,Dortmund Square,2023,January,2,Thursday,12-Jan-23,14:00,556,488,1044,556,488,1044,No Group
Leeds - New,Dortmund Square,2023,January,2,Thursday,12-Jan-23,15:00,660,536,1196,660,536,1196,No Group
Leeds - New,Dortmund Square,2023,January,2,Thursday,12-Jan-23,16:00,722,554,1276,722,554,1276,No Group
Leeds - New,Dortmund Square,2023,January,2,Thursday,12-Jan-23,17:00,651,544,1195,651,544,1195,No Group
Leeds - New,Dortmund Square,2023,January,2,Thursday,12-Jan-23,18:00,479,352,831,479,352,831,No Group
Leeds - New,Dortmund Square,2023,January,2,Thursday,12-Jan-23,19:00,280,251,531,280,251,531,No Group
Leeds - New,Dortmund Square,2023,January,2,Thursday,12-Jan-23,20:00,229,115,344,229,115,344,No Group
Leeds - New,Dortmund Square,2023,January,2,Thursday,12-Jan-23,21:00,118,74,192,118,74,192,No Group
Leeds - New,Dortmund Square,2023,January,2,Thursday,12-Jan-23,22:00,67,48,115,67,48,115,No Group
Leeds - New,Dortmund Square,2023,January,2,Thursday,12-Jan-23,23:00,43,26,69,43,26,69,No Group
Leeds - New,Dortmund Square,2023,January,2,Friday,13-Jan-23,00:00,8,6,14,8,6,14,No Group
Leeds - New,Dortmund Square,2023,January,2,Friday,13-Jan-23,01:00,5,5,10,5,5,10,No Group
Leeds - New,Dortmund Square,2023,January,2,Friday,13-Jan-23,02:00,2,6,8,2,6,8,No Group
Leeds - New,Dortmund Square,2023,January,2,Friday,13-Jan-23,03:00,2,4,6,2,4,6,No Group
Leeds - New,Dortmund Square,2023,January,2,Friday,13-Jan-23,04:00,0,11,11,0,11,11,No Group
Leeds - New,Dortmund Square,2023,January,2,Friday,13-Jan-23,05:00,8,17,25,8,17,25,No Group
Leeds - New,Dortmund Square,2023,January,2,Friday,13-Jan-23,06:00,35,41,76,35,41,76,No Group
Leeds - New,Dortmund Square,2023,January,2,Friday,13-Jan-23,07:00,85,114,199,85,114,199,No Group
Leeds - New,Dortmund Square,2023,January,2,Friday,13-Jan-23,08:00,135,189,324,135,189,324,No Group
Leeds - New,Dortmund Square,2023,January,2,Friday,13-Jan-23,09:00,221,244,465,221,244,465,No Group
Leeds - New,Dortmund Square,2023,January,2,Friday,13-Jan-23,10:00,352,309,661,352,309,661,No Group
Leeds - New,Dortmund Square,2023,January,2,Friday,13-Jan-23,11:00,442,382,824,442,382,824,No Group
Leeds - New,Dortmund Square,2023,January,2,Friday,13-Jan-23,12:00,662,550,1212,662,550,1212,No Group
Leeds - New,Dortmund Square,2023,January,2,Friday,13-Jan-23,13:00,647,670,1317,647,670,1317,No Group
Leeds - New,Dortmund Square,2023,January,2,Friday,13-Jan-23,14:00,582,478,1060,582,478,1060,No Group
Leeds - New,Dortmund Square,2023,January,2,Friday,13-Jan-23,15:00,609,562,1171,609,562,1171,No Group
Leeds - New,Dortmund Square,2023,January,2,Friday,13-Jan-23,16:00,853,655,1508,853,655,1508,No Group
Leeds - New,Dortmund Square,2023,January,2,Friday,13-Jan-23,17:00,659,578,1237,659,578,1237,No Group
Leeds - New,Dortmund Square,2023,January,2,Friday,13-Jan-23,18:00,443,390,833,443,390,833,No Group
Leeds - New,Dortmund Square,2023,January,2,Friday,13-Jan-23,19:00,320,269,589,320,269,589,No Group
Leeds - New,Dortmund Square,2023,January,2,Friday,13-Jan-23,20:00,252,178,430,252,178,430,No Group
Leeds - New,Dortmund Square,2023,January,2,Friday,13-Jan-23,21:00,210,128,338,210,128,338,No Group
Leeds - New,Dortmund Square,2023,January,2,Friday,13-Jan-23,22:00,261,110,371,261,110,371,No Group
Leeds - New,Dortmund Square,2023,January,2,Friday,13-Jan-23,23:00,167,81,248,167,81,248,No Group
Leeds - New,Dortmund Square,2023,January,2,Saturday,14-Jan-23,00:00,117,91,208,117,91,208,No Group
Leeds - New,Dortmund Square,2023,January,2,Saturday,14-Jan-23,01:00,72,59,131,72,59,131,No Group
Leeds - New,Dortmund Square,2023,January,2,Saturday,14-Jan-23,02:00,36,57,93,36,57,93,No Group
Leeds - New,Dortmund Square,2023,January,2,Saturday,14-Jan-23,03:00,16,23,39,16,23,39,No Group
Leeds - New,Dortmund Square,2023,January,2,Saturday,14-Jan-23,04:00,12,19,31,12,19,31,No Group
Leeds - New,Dortmund Square,2023,January,2,Saturday,14-Jan-23,05:00,3,12,15,3,12,15,No Group
Leeds - New,Dortmund Square,2023,January,2,Saturday,14-Jan-23,06:00,31,23,54,31,23,54,No Group
Leeds - New,Dortmund Square,2023,January,2,Saturday,14-Jan-23,07:00,29,31,60,29,31,60,No Group
Leeds - New,Dortmund Square,2023,January,2,Saturday,14-Jan-23,08:00,49,68,117,49,68,117,No Group
Leeds - New,Dortmund Square,2023,January,2,Saturday,14-Jan-23,09:00,145,186,331,145,186,331,No Group
Leeds - New,Dortmund Square,2023,January,2,Saturday,14-Jan-23,10:00,340,360,700,340,360,700,No Group
Leeds - New,Dortmund Square,2023,January,2,Saturday,14-Jan-23,11:00,622,698,1320,622,698,1320,No Group
Leeds - New,Dortmund Square,2023,January,2,Saturday,14-Jan-23,12:00,929,799,1728,929,799,1728,No Group
Leeds - New,Dortmund Square,2023,January,2,Saturday,14-Jan-23,13:00,1039,1106,2145,1039,1106,2145,No Group
Leeds - New,Dortmund Square,2023,January,2,Saturday,14-Jan-23,14:00,1103,1046,2149,1103,1046,2149,No Group
Leeds - New,Dortmund Square,2023,January,2,Saturday,14-Jan-23,15:00,1213,1104,2317,1213,1104,2317,No Group
Leeds - New,Dortmund Square,2023,January,2,Saturday,14-Jan-23,16:00,974,944,1918,974,944,1918,No Group
Leeds - New,Dortmund Square,2023,January,2,Saturday,14-Jan-23,17:00,745,751,1496,745,751,1496,No Group
Leeds - New,Dortmund Square,2023,January,2,Saturday,14-Jan-23,18:00,546,397,943,546,397,943,No Group
Leeds - New,Dortmund Square,2023,January,2,Saturday,14-Jan-23,19:00,323,279,602,323,279,602,No Group
Leeds - New,Dortmund Square,2023,January,2,Saturday,14-Jan-23,20:00,241,165,406,241,165,406,No Group
Leeds - New,Dortmund Square,2023,January,2,Saturday,14-Jan-23,21:00,164,125,289,164,125,289,No Group
Leeds - New,Dortmund Square,2023,January,2,Saturday,14-Jan-23,22:00,346,153,499,346,153,499,No Group
Leeds - New,Dortmund Square,2023,January,2,Saturday,14-Jan-23,23:00,152,98,250,152,98,250,No Group
Leeds - New,Dortmund Square,2023,January,2,Sunday,15-Jan-23,00:00,92,100,192,92,100,192,No Group
Leeds - New,Dortmund Square,2023,January,2,Sunday,15-Jan-23,01:00,59,59,118,59,59,118,No Group
Leeds - New,Dortmund Square,2023,January,2,Sunday,15-Jan-23,02:00,50,49,99,50,49,99,No Group
Leeds - New,Dortmund Square,2023,January,2,Sunday,15-Jan-23,03:00,23,37,60,23,37,60,No Group
Leeds - New,Dortmund Square,2023,January,2,Sunday,15-Jan-23,04:00,7,25,32,7,25,32,No Group
Leeds - New,Dortmund Square,2023,January,2,Sunday,15-Jan-23,05:00,7,10,17,7,10,17,No Group
Leeds - New,Dortmund Square,2023,January,2,Sunday,15-Jan-23,06:00,21,16,37,21,16,37,No Group
Leeds - New,Dortmund Square,2023,January,2,Sunday,15-Jan-23,07:00,20,30,50,20,30,50,No Group
Leeds - New,Dortmund Square,2023,January,2,Sunday,15-Jan-23,08:00,33,34,67,33,34,67,No Group
Leeds - New,Dortmund Square,2023,January,2,Sunday,15-Jan-23,09:00,47,49,96,47,49,96,No Group
Leeds - New,Dortmund Square,2023,January,2,Sunday,15-Jan-23,10:00,138,128,266,138,128,266,No Group
Leeds - New,Dortmund Square,2023,January,2,Sunday,15-Jan-23,11:00,362,390,752,362,390,752,No Group
Leeds - New,Dortmund Square,2023,January,2,Sunday,15-Jan-23,12:00,605,596,1201,605,596,1201,No Group
Leeds - New,Dortmund Square,2023,January,2,Sunday,15-Jan-23,13:00,763,778,1541,763,778,1541,No Group
Leeds - New,Dortmund Square,2023,January,2,Sunday,15-Jan-23,14:00,866,806,1672,866,806,1672,No Group
Leeds - New,Dortmund Square,2023,January,2,Sunday,15-Jan-23,15:00,701,717,1418,701,717,1418,No Group
Leeds - New,Dortmund Square,2023,January,2,Sunday,15-Jan-23,16:00,532,602,1134,532,602,1134,No Group
Leeds - New,Dortmund Square,2023,January,2,Sunday,15-Jan-23,17:00,384,310,694,384,310,694,No Group
Leeds - New,Dortmund Square,2023,January,2,Sunday,15-Jan-23,18:00,237,137,374,237,137,374,No Group
Leeds - New,Dortmund Square,2023,January,2,Sunday,15-Jan-23,19:00,134,86,220,134,86,220,No Group
Leeds - New,Dortmund Square,2023,January,2,Sunday,15-Jan-23,20:00,88,71,159,88,71,159,No Group
Leeds - New,Dortmund Square,2023,January,2,Sunday,15-Jan-23,21:00,65,44,109,65,44,109,No Group
Leeds - New,Dortmund Square,2023,January,2,Sunday,15-Jan-23,22:00,59,38,97,59,38,97,No Group
Leeds - New,Dortmund Square,2023,January,2,Sunday,15-Jan-23,23:00,15,32,47,15,32,47,No Group
Leeds - New,Headrow,2023,January,2,Monday,09-Jan-23,00:00,17,13,30,17,13,30,No Group
Leeds - New,Headrow,2023,January,2,Monday,09-Jan-23,01:00,7,14,21,7,14,21,No Group
Leeds - New,Headrow,2023,January,2,Monday,09-Jan-23,02:00,6,11,17,6,11,17,No Group
Leeds - New,Headrow,2023,January,2,Monday,09-Jan-23,03:00,4,6,10,4,6,10,No Group
Leeds - New,Headrow,2023,January,2,Monday,09-Jan-23,04:00,5,9,14,5,9,14,No Group
Leeds - New,Headrow,2023,January,2,Monday,09-Jan-23,05:00,24,16,40,24,16,40,No Group
Leeds - New,Headrow,2023,January,2,Monday,09-Jan-23,06:00,67,58,125,67,58,125,No Group
Leeds - New,Headrow,2023,January,2,Monday,09-Jan-23,07:00,150,157,307,150,157,307,No Group
Leeds - New,Headrow,2023,January,2,Monday,09-Jan-23,08:00,312,377,689,312,377,689,No Group
Leeds - New,Headrow,2023,January,2,Monday,09-Jan-23,09:00,526,430,956,526,430,956,No Group
Leeds - New,Headrow,2023,January,2,Monday,09-Jan-23,10:00,828,637,1465,828,637,1465,No Group
Leeds - New,Headrow,2023,January,2,Monday,09-Jan-23,11:00,992,704,1696,992,704,1696,No Group
Leeds - New,Headrow,2023,January,2,Monday,09-Jan-23,12:00,1376,1033,2409,1376,1033,2409,No Group
Leeds - New,Headrow,2023,January,2,Monday,09-Jan-23,13:00,1412,1125,2537,1412,1125,2537,No Group
Leeds - New,Headrow,2023,January,2,Monday,09-Jan-23,14:00,1148,905,2053,1148,905,2053,No Group
Leeds - New,Headrow,2023,January,2,Monday,09-Jan-23,15:00,1261,822,2083,1261,822,2083,No Group
Leeds - New,Headrow,2023,January,2,Monday,09-Jan-23,16:00,1436,885,2321,1436,885,2321,No Group
Leeds - New,Headrow,2023,January,2,Monday,09-Jan-23,17:00,964,687,1651,964,687,1651,No Group
Leeds - New,Headrow,2023,January,2,Monday,09-Jan-23,18:00,538,503,1041,538,503,1041,No Group
Leeds - New,Headrow,2023,January,2,Monday,09-Jan-23,19:00,328,262,590,328,262,590,No Group
Leeds - New,Headrow,2023,January,2,Monday,09-Jan-23,20:00,268,216,484,268,216,484,No Group
Leeds - New,Headrow,2023,January,2,Monday,09-Jan-23,21:00,125,125,250,125,125,250,No Group
Leeds - New,Headrow,2023,January,2,Monday,09-Jan-23,22:00,71,80,151,71,80,151,No Group
Leeds - New,Headrow,2023,January,2,Monday,09-Jan-23,23:00,71,52,123,71,52,123,No Group
Leeds - New,Headrow,2023,January,2,Tuesday,10-Jan-23,00:00,28,21,49,28,21,49,No Group
Leeds - New,Headrow,2023,January,2,Tuesday,10-Jan-23,01:00,18,19,37,18,19,37,No Group
Leeds - New,Headrow,2023,January,2,Tuesday,10-Jan-23,02:00,27,10,37,27,10,37,No Group
Leeds - New,Headrow,2023,January,2,Tuesday,10-Jan-23,03:00,24,15,39,24,15,39,No Group
Leeds - New,Headrow,2023,January,2,Tuesday,10-Jan-23,04:00,15,23,38,15,23,38,No Group
Leeds - New,Headrow,2023,January,2,Tuesday,10-Jan-23,05:00,20,17,37,20,17,37,No Group
Leeds - New,Headrow,2023,January,2,Tuesday,10-Jan-23,06:00,58,60,118,58,60,118,No Group
Leeds - New,Headrow,2023,January,2,Tuesday,10-Jan-23,07:00,129,148,277,129,148,277,No Group
Leeds - New,Headrow,2023,January,2,Tuesday,10-Jan-23,08:00,261,295,556,261,295,556,No Group
Leeds - New,Headrow,2023,January,2,Tuesday,10-Jan-23,09:00,291,317,608,291,317,608,No Group
Leeds - New,Headrow,2023,January,2,Tuesday,10-Jan-23,10:00,507,361,868,507,361,868,No Group
Leeds - New,Headrow,2023,January,2,Tuesday,10-Jan-23,11:00,583,465,1048,583,465,1048,No Group
Leeds - New,Headrow,2023,January,2,Tuesday,10-Jan-23,12:00,862,607,1469,862,607,1469,No Group
Leeds - New,Headrow,2023,January,2,Tuesday,10-Jan-23,13:00,929,689,1618,929,689,1618,No Group
Leeds - New,Headrow,2023,January,2,Tuesday,10-Jan-23,14:00,869,688,1557,869,688,1557,No Group
Leeds - New,Headrow,2023,January,2,Tuesday,10-Jan-23,15:00,959,709,1668,959,709,1668,No Group
Leeds - New,Headrow,2023,January,2,Tuesday,10-Jan-23,16:00,1435,746,2181,1435,746,2181,No Group
Leeds - New,Headrow,2023,January,2,Tuesday,10-Jan-23,17:00,1021,757,1778,1021,757,1778,No Group
Leeds - New,Headrow,2023,January,2,Tuesday,10-Jan-23,18:00,624,491,1115,624,491,1115,No Group
Leeds - New,Headrow,2023,January,2,Tuesday,10-Jan-23,19:00,299,227,526,299,227,526,No Group
Leeds - New,Headrow,2023,January,2,Tuesday,10-Jan-23,20:00,201,164,365,201,164,365,No Group
Leeds - New,Headrow,2023,January,2,Tuesday,10-Jan-23,21:00,130,106,236,130,106,236,No Group
Leeds - New,Headrow,2023,January,2,Tuesday,10-Jan-23,22:00,110,99,209,110,99,209,No Group
Leeds - New,Headrow,2023,January,2,Tuesday,10-Jan-23,23:00,82,56,138,82,56,138,No Group
Leeds - New,Headrow,2023,January,2,Wednesday,11-Jan-23,00:00,59,25,84,59,25,84,No Group
Leeds - New,Headrow,2023,January,2,Wednesday,11-Jan-23,01:00,17,11,28,17,11,28,No Group
Leeds - New,Headrow,2023,January,2,Wednesday,11-Jan-23,02:00,8,18,26,8,18,26,No Group
Leeds - New,Headrow,2023,January,2,Wednesday,11-Jan-23,03:00,0,7,7,0,7,7,No Group
Leeds - New,Headrow,2023,January,2,Wednesday,11-Jan-23,04:00,6,11,17,6,11,17,No Group
Leeds - New,Headrow,2023,January,2,Wednesday,11-Jan-23,05:00,16,20,36,16,20,36,No Group
Leeds - New,Headrow,2023,January,2,Wednesday,11-Jan-23,06:00,69,69,138,69,69,138,No Group
Leeds - New,Headrow,2023,January,2,Wednesday,11-Jan-23,07:00,176,190,366,176,190,366,No Group
Leeds - New,Headrow,2023,January,2,Wednesday,11-Jan-23,08:00,333,409,742,333,409,742,No Group
Leeds - New,Headrow,2023,January,2,Wednesday,11-Jan-23,09:00,447,394,841,447,394,841,No Group
Leeds - New,Headrow,2023,January,2,Wednesday,11-Jan-23,10:00,739,568,1307,739,568,1307,No Group
Leeds - New,Headrow,2023,January,2,Wednesday,11-Jan-23,11:00,1028,757,1785,1028,757,1785,No Group
Leeds - New,Headrow,2023,January,2,Wednesday,11-Jan-23,12:00,1453,1089,2542,1453,1089,2542,No Group
Leeds - New,Headrow,2023,January,2,Wednesday,11-Jan-23,13:00,1320,977,2297,1320,977,2297,No Group
Leeds - New,Headrow,2023,January,2,Wednesday,11-Jan-23,14:00,1067,718,1785,1067,718,1785,No Group
Leeds - New,Headrow,2023,January,2,Wednesday,11-Jan-23,15:00,953,713,1666,953,713,1666,No Group
Leeds - New,Headrow,2023,January,2,Wednesday,11-Jan-23,16:00,1366,799,2165,1366,799,2165,No Group
Leeds - New,Headrow,2023,January,2,Wednesday,11-Jan-23,17:00,954,702,1656,954,702,1656,No Group
Leeds - New,Headrow,2023,January,2,Wednesday,11-Jan-23,18:00,640,510,1150,640,510,1150,No Group
Leeds - New,Headrow,2023,January,2,Wednesday,11-Jan-23,19:00,359,343,702,359,343,702,No Group
Leeds - New,Headrow,2023,January,2,Wednesday,11-Jan-23,20:00,232,213,445,232,213,445,No Group
Leeds - New,Headrow,2023,January,2,Wednesday,11-Jan-23,21:00,173,136,309,173,136,309,No Group
Leeds - New,Headrow,2023,January,2,Wednesday,11-Jan-23,22:00,90,74,164,90,74,164,No Group
Leeds - New,Headrow,2023,January,2,Wednesday,11-Jan-23,23:00,35,65,100,35,65,100,No Group
Leeds - New,Headrow,2023,January,2,Thursday,12-Jan-23,00:00,11,9,20,11,9,20,No Group
Leeds - New,Headrow,2023,January,2,Thursday,12-Jan-23,01:00,11,9,20,11,9,20,No Group
Leeds - New,Headrow,2023,January,2,Thursday,12-Jan-23,02:00,18,6,24,18,6,24,No Group
Leeds - New,Headrow,2023,January,2,Thursday,12-Jan-23,03:00,29,8,37,29,8,37,No Group
Leeds - New,Headrow,2023,January,2,Thursday,12-Jan-23,04:00,3,3,6,3,3,6,No Group
Leeds - New,Headrow,2023,January,2,Thursday,12-Jan-23,05:00,30,25,55,30,25,55,No Group
Leeds - New,Headrow,2023,January,2,Thursday,12-Jan-23,06:00,59,69,128,59,69,128,No Group
Leeds - New,Headrow,2023,January,2,Thursday,12-Jan-23,07:00,172,166,338,172,166,338,No Group
Leeds - New,Headrow,2023,January,2,Thursday,12-Jan-23,08:00,322,398,720,322,398,720,No Group
Leeds - New,Headrow,2023,January,2,Thursday,12-Jan-23,09:00,491,440,931,491,440,931,No Group
Leeds - New,Headrow,2023,January,2,Thursday,12-Jan-23,10:00,774,555,1329,774,555,1329,No Group
Leeds - New,Headrow,2023,January,2,Thursday,12-Jan-23,11:00,1091,762,1853,1091,762,1853,No Group
Leeds - New,Headrow,2023,January,2,Thursday,12-Jan-23,12:00,1175,852,2027,1175,852,2027,No Group
Leeds - New,Headrow,2023,January,2,Thursday,12-Jan-23,13:00,1341,1112,2453,1341,1112,2453,No Group
Leeds - New,Headrow,2023,January,2,Thursday,12-Jan-23,14:00,1217,819,2036,1217,819,2036,No Group
Leeds - New,Headrow,2023,January,2,Thursday,12-Jan-23,15:00,1164,866,2030,1164,866,2030,No Group
Leeds - New,Headrow,2023,January,2,Thursday,12-Jan-23,16:00,1442,900,2342,1442,900,2342,No Group
Leeds - New,Headrow,2023,January,2,Thursday,12-Jan-23,17:00,1083,817,1900,1083,817,1900,No Group
Leeds - New,Headrow,2023,January,2,Thursday,12-Jan-23,18:00,699,566,1265,699,566,1265,No Group
Leeds - New,Headrow,2023,January,2,Thursday,12-Jan-23,19:00,404,337,741,404,337,741,No Group
Leeds - New,Headrow,2023,January,2,Thursday,12-Jan-23,20:00,261,200,461,261,200,461,No Group
Leeds - New,Headrow,2023,January,2,Thursday,12-Jan-23,21:00,158,137,295,158,137,295,No Group
Leeds - New,Headrow,2023,January,2,Thursday,12-Jan-23,22:00,103,91,194,103,91,194,No Group
Leeds - New,Headrow,2023,January,2,Thursday,12-Jan-23,23:00,52,45,97,52,45,97,No Group
Leeds - New,Headrow,2023,January,2,Friday,13-Jan-23,00:00,29,16,45,29,16,45,No Group
Leeds - New,Headrow,2023,January,2,Friday,13-Jan-23,01:00,14,11,25,14,11,25,No Group
Leeds - New,Headrow,2023,January,2,Friday,13-Jan-23,02:00,6,11,17,6,11,17,No Group
Leeds - New,Headrow,2023,January,2,Friday,13-Jan-23,03:00,1,6,7,1,6,7,No Group
Leeds - New,Headrow,2023,January,2,Friday,13-Jan-23,04:00,3,13,16,3,13,16,No Group
Leeds - New,Headrow,2023,January,2,Friday,13-Jan-23,05:00,26,19,45,26,19,45,No Group
Leeds - New,Headrow,2023,January,2,Friday,13-Jan-23,06:00,55,49,104,55,49,104,No Group
Leeds - New,Headrow,2023,January,2,Friday,13-Jan-23,07:00,177,162,339,177,162,339,No Group
Leeds - New,Headrow,2023,January,2,Friday,13-Jan-23,08:00,294,322,616,294,322,616,No Group
Leeds - New,Headrow,2023,January,2,Friday,13-Jan-23,09:00,478,343,821,478,343,821,No Group
Leeds - New,Headrow,2023,January,2,Friday,13-Jan-23,10:00,823,666,1489,823,666,1489,No Group
Leeds - New,Headrow,2023,January,2,Friday,13-Jan-23,11:00,1110,834,1944,1110,834,1944,No Group
Leeds - New,Headrow,2023,January,2,Friday,13-Jan-23,12:00,1350,994,2344,1350,994,2344,No Group
Leeds - New,Headrow,2023,January,2,Friday,13-Jan-23,13:00,1517,1129,2646,1517,1129,2646,No Group
Leeds - New,Headrow,2023,January,2,Friday,13-Jan-23,14:00,1351,1031,2382,1351,1031,2382,No Group
Leeds - New,Headrow,2023,January,2,Friday,13-Jan-23,15:00,1352,1009,2361,1352,1009,2361,No Group
Leeds - New,Headrow,2023,January,2,Friday,13-Jan-23,16:00,1763,1047,2810,1763,1047,2810,No Group
Leeds - New,Headrow,2023,January,2,Friday,13-Jan-23,17:00,1148,975,2123,1148,975,2123,No Group
Leeds - New,Headrow,2023,January,2,Friday,13-Jan-23,18:00,759,653,1412,759,653,1412,No Group
Leeds - New,Headrow,2023,January,2,Friday,13-Jan-23,19:00,560,534,1094,560,534,1094,No Group
Leeds - New,Headrow,2023,January,2,Friday,13-Jan-23,20:00,413,287,700,413,287,700,No Group
Leeds - New,Headrow,2023,January,2,Friday,13-Jan-23,21:00,262,219,481,262,219,481,No Group
Leeds - New,Headrow,2023,January,2,Friday,13-Jan-23,22:00,266,201,467,266,201,467,No Group
Leeds - New,Headrow,2023,January,2,Friday,13-Jan-23,23:00,235,208,443,235,208,443,No Group
Leeds - New,Headrow,2023,January,2,Saturday,14-Jan-23,00:00,135,81,216,135,81,216,No Group
Leeds - New,Headrow,2023,January,2,Saturday,14-Jan-23,01:00,63,45,108,63,45,108,No Group
Leeds - New,Headrow,2023,January,2,Saturday,14-Jan-23,02:00,46,45,91,46,45,91,No Group
Leeds - New,Headrow,2023,January,2,Saturday,14-Jan-23,03:00,66,33,99,66,33,99,No Group
Leeds - New,Headrow,2023,January,2,Saturday,14-Jan-23,04:00,14,34,48,14,34,48,No Group
Leeds - New,Headrow,2023,January,2,Saturday,14-Jan-23,05:00,22,17,39,22,17,39,No Group
Leeds - New,Headrow,2023,January,2,Saturday,14-Jan-23,06:00,35,30,65,35,30,65,No Group
Leeds - New,Headrow,2023,January,2,Saturday,14-Jan-23,07:00,79,48,127,79,48,127,No Group
Leeds - New,Headrow,2023,January,2,Saturday,14-Jan-23,08:00,232,135,367,232,135,367,No Group
Leeds - New,Headrow,2023,January,2,Saturday,14-Jan-23,09:00,521,304,825,521,304,825,No Group
Leeds - New,Headrow,2023,January,2,Saturday,14-Jan-23,10:00,917,699,1616,917,699,1616,No Group
Leeds - New,Headrow,2023,January,2,Saturday,14-Jan-23,11:00,1332,974,2306,1332,974,2306,No Group
Leeds - New,Headrow,2023,January,2,Saturday,14-Jan-23,12:00,1766,1517,3283,1766,1517,3283,No Group
Leeds - New,Headrow,2023,January,2,Saturday,14-Jan-23,13:00,2115,1664,3779,2115,1664,3779,No Group
Leeds - New,Headrow,2023,January,2,Saturday,14-Jan-23,14:00,2150,1871,4021,2150,1871,4021,No Group
Leeds - New,Headrow,2023,January,2,Saturday,14-Jan-23,15:00,2148,1956,4104,2148,1956,4104,No Group
Leeds - New,Headrow,2023,January,2,Saturday,14-Jan-23,16:00,1716,1584,3300,1716,1584,3300,No Group
Leeds - New,Headrow,2023,January,2,Saturday,14-Jan-23,17:00,1311,1350,2661,1311,1350,2661,No Group
Leeds - New,Headrow,2023,January,2,Saturday,14-Jan-23,18:00,844,828,1672,844,828,1672,No Group
Leeds - New,Headrow,2023,January,2,Saturday,14-Jan-23,19:00,488,484,972,488,484,972,No Group
Leeds - New,Headrow,2023,January,2,Saturday,14-Jan-23,20:00,409,319,728,409,319,728,No Group
Leeds - New,Headrow,2023,January,2,Saturday,14-Jan-23,21:00,203,211,414,203,211,414,No Group
Leeds - New,Headrow,2023,January,2,Saturday,14-Jan-23,22:00,486,251,737,486,251,737,No Group
Leeds - New,Headrow,2023,January,2,Saturday,14-Jan-23,23:00,285,122,407,285,122,407,No Group
Leeds - New,Headrow,2023,January,2,Sunday,15-Jan-23,00:00,231,80,311,231,80,311,No Group
Leeds - New,Headrow,2023,January,2,Sunday,15-Jan-23,01:00,124,88,212,124,88,212,No Group
Leeds - New,Headrow,2023,January,2,Sunday,15-Jan-23,02:00,60,39,99,60,39,99,No Group
Leeds - New,Headrow,2023,January,2,Sunday,15-Jan-23,03:00,50,39,89,50,39,89,No Group
Leeds - New,Headrow,2023,January,2,Sunday,15-Jan-23,04:00,18,16,34,18,16,34,No Group
Leeds - New,Headrow,2023,January,2,Sunday,15-Jan-23,05:00,13,29,42,13,29,42,No Group
Leeds - New,Headrow,2023,January,2,Sunday,15-Jan-23,06:00,35,20,55,35,20,55,No Group
Leeds - New,Headrow,2023,January,2,Sunday,15-Jan-23,07:00,45,43,88,45,43,88,No Group
Leeds - New,Headrow,2023,January,2,Sunday,15-Jan-23,08:00,94,60,154,94,60,154,No Group
Leeds - New,Headrow,2023,January,2,Sunday,15-Jan-23,09:00,166,129,295,166,129,295,No Group
Leeds - New,Headrow,2023,January,2,Sunday,15-Jan-23,10:00,461,295,756,461,295,756,No Group
Leeds - New,Headrow,2023,January,2,Sunday,15-Jan-23,11:00,863,595,1458,863,595,1458,No Group
Leeds - New,Headrow,2023,January,2,Sunday,15-Jan-23,12:00,1136,935,2071,1136,935,2071,No Group
Leeds - New,Headrow,2023,January,2,Sunday,15-Jan-23,13:00,1376,1153,2529,1376,1153,2529,No Group
Leeds - New,Headrow,2023,January,2,Sunday,15-Jan-23,14:00,1444,1269,2713,1444,1269,2713,No Group
Leeds - New,Headrow,2023,January,2,Sunday,15-Jan-23,15:00,1336,1212,2548,1336,1212,2548,No Group
Leeds - New,Headrow,2023,January,2,Sunday,15-Jan-23,16:00,966,1006,1972,966,1006,1972,No Group
Leeds - New,Headrow,2023,January,2,Sunday,15-Jan-23,17:00,524,581,1105,524,581,1105,No Group
Leeds - New,Headrow,2023,January,2,Sunday,15-Jan-23,18:00,394,313,707,394,313,707,No Group
Leeds - New,Headrow,2023,January,2,Sunday,15-Jan-23,19:00,244,185,429,244,185,429,No Group
Leeds - New,Headrow,2023,January,2,Sunday,15-Jan-23,20:00,174,178,352,174,178,352,No Group
Leeds - New,Headrow,2023,January,2,Sunday,15-Jan-23,21:00,124,119,243,124,119,243,No Group
Leeds - New,Headrow,2023,January,2,Sunday,15-Jan-23,22:00,79,64,143,79,64,143,No Group
Leeds - New,Headrow,2023,January,2,Sunday,15-Jan-23,23:00,25,49,74,25,49,74,No Group
Leeds - New,Park Row,2023,January,2,Monday,09-Jan-23,00:00,19,19,38,19,19,38,No Group
Leeds - New,Park Row,2023,January,2,Monday,09-Jan-23,01:00,4,4,8,4,4,8,No Group
Leeds - New,Park Row,2023,January,2,Monday,09-Jan-23,02:00,2,9,11,2,9,11,No Group
Leeds - New,Park Row,2023,January,2,Monday,09-Jan-23,03:00,3,6,9,3,6,9,No Group
Leeds - New,Park Row,2023,January,2,Monday,09-Jan-23,04:00,8,7,15,8,7,15,No Group
Leeds - New,Park Row,2023,January,2,Monday,09-Jan-23,05:00,35,23,58,35,23,58,No Group
Leeds - New,Park Row,2023,January,2,Monday,09-Jan-23,06:00,66,88,154,66,88,154,No Group
Leeds - New,Park Row,2023,January,2,Monday,09-Jan-23,07:00,157,353,510,157,353,510,No Group
Leeds - New,Park Row,2023,January,2,Monday,09-Jan-23,08:00,276,871,1147,276,871,1147,No Group
Leeds - New,Park Row,2023,January,2,Monday,09-Jan-23,09:00,233,630,863,233,630,863,No Group
Leeds - New,Park Row,2023,January,2,Monday,09-Jan-23,10:00,203,443,646,203,443,646,No Group
Leeds - New,Park Row,2023,January,2,Monday,09-Jan-23,11:00,337,480,817,337,480,817,No Group
Leeds - New,Park Row,2023,January,2,Monday,09-Jan-23,12:00,467,774,1241,467,774,1241,No Group
Leeds - New,Park Row,2023,January,2,Monday,09-Jan-23,13:00,645,807,1452,645,807,1452,No Group
Leeds - New,Park Row,2023,January,2,Monday,09-Jan-23,14:00,450,421,871,450,421,871,No Group
Leeds - New,Park Row,2023,January,2,Monday,09-Jan-23,15:00,473,436,909,473,436,909,No Group
Leeds - New,Park Row,2023,January,2,Monday,09-Jan-23,16:00,744,456,1200,744,456,1200,No Group
Leeds - New,Park Row,2023,January,2,Monday,09-Jan-23,17:00,696,582,1278,696,582,1278,No Group
Leeds - New,Park Row,2023,January,2,Monday,09-Jan-23,18:00,393,387,780,393,387,780,No Group
Leeds - New,Park Row,2023,January,2,Monday,09-Jan-23,19:00,298,277,575,298,277,575,No Group
Leeds - New,Park Row,2023,January,2,Monday,09-Jan-23,20:00,205,188,393,205,188,393,No Group
Leeds - New,Park Row,2023,January,2,Monday,09-Jan-23,21:00,166,148,314,166,148,314,No Group
Leeds - New,Park Row,2023,January,2,Monday,09-Jan-23,22:00,147,86,233,147,86,233,No Group
Leeds - New,Park Row,2023,January,2,Monday,09-Jan-23,23:00,51,42,93,51,42,93,No Group
Leeds - New,Park Row,2023,January,2,Tuesday,10-Jan-23,00:00,23,17,40,23,17,40,No Group
Leeds - New,Park Row,2023,January,2,Tuesday,10-Jan-23,01:00,6,3,9,6,3,9,No Group
Leeds - New,Park Row,2023,January,2,Tuesday,10-Jan-23,02:00,6,5,11,6,5,11,No Group
Leeds - New,Park Row,2023,January,2,Tuesday,10-Jan-23,03:00,6,2,8,6,2,8,No Group
Leeds - New,Park Row,2023,January,2,Tuesday,10-Jan-23,04:00,8,4,12,8,4,12,No Group
Leeds - New,Park Row,2023,January,2,Tuesday,10-Jan-23,05:00,24,24,48,24,24,48,No Group
Leeds - New,Park Row,2023,January,2,Tuesday,10-Jan-23,06:00,84,115,199,84,115,199,No Group
Leeds - New,Park Row,2023,January,2,Tuesday,10-Jan-23,07:00,208,377,585,208,377,585,No Group
Leeds - New,Park Row,2023,January,2,Tuesday,10-Jan-23,08:00,294,977,1271,294,977,1271,No Group
Leeds - New,Park Row,2023,January,2,Tuesday,10-Jan-23,09:00,238,779,1017,238,779,1017,No Group
Leeds - New,Park Row,2023,January,2,Tuesday,10-Jan-23,10:00,183,453,636,183,453,636,No Group
Leeds - New,Park Row,2023,January,2,Tuesday,10-Jan-23,11:00,209,394,603,209,394,603,No Group
Leeds - New,Park Row,2023,January,2,Tuesday,10-Jan-23,12:00,471,794,1265,471,794,1265,No Group
Leeds - New,Park Row,2023,January,2,Tuesday,10-Jan-23,13:00,588,541,1129,588,541,1129,No Group
Leeds - New,Park Row,2023,January,2,Tuesday,10-Jan-23,14:00,459,387,846,459,387,846,No Group
Leeds - New,Park Row,2023,January,2,Tuesday,10-Jan-23,15:00,522,388,910,522,388,910,No Group
Leeds - New,Park Row,2023,January,2,Tuesday,10-Jan-23,16:00,769,466,1235,769,466,1235,No Group
Leeds - New,Park Row,2023,January,2,Tuesday,10-Jan-23,17:00,768,758,1526,768,758,1526,No Group
Leeds - New,Park Row,2023,January,2,Tuesday,10-Jan-23,18:00,402,538,940,402,538,940,No Group
Leeds - New,Park Row,2023,January,2,Tuesday,10-Jan-23,19:00,311,332,643,311,332,643,No Group
Leeds - New,Park Row,2023,January,2,Tuesday,10-Jan-23,20:00,254,227,481,254,227,481,No Group
Leeds - New,Park Row,2023,January,2,Tuesday,10-Jan-23,21:00,243,156,399,243,156,399,No Group
Leeds - New,Park Row,2023,January,2,Tuesday,10-Jan-23,22:00,163,143,306,163,143,306,No Group
Leeds - New,Park Row,2023,January,2,Tuesday,10-Jan-23,23:00,72,89,161,72,89,161,No Group
Leeds - New,Park Row,2023,January,2,Wednesday,11-Jan-23,00:00,21,26,47,21,26,47,No Group
Leeds - New,Park Row,2023,January,2,Wednesday,11-Jan-23,01:00,6,12,18,6,12,18,No Group
Leeds - New,Park Row,2023,January,2,Wednesday,11-Jan-23,02:00,0,6,6,0,6,6,No Group
Leeds - New,Park Row,2023,January,2,Wednesday,11-Jan-23,03:00,1,3,4,1,3,4,No Group
Leeds - New,Park Row,2023,January,2,Wednesday,11-Jan-23,04:00,4,7,11,4,7,11,No Group
Leeds - New,Park Row,2023,January,2,Wednesday,11-Jan-23,05:00,23,21,44,23,21,44,No Group
Leeds - New,Park Row,2023,January,2,Wednesday,11-Jan-23,06:00,85,97,182,85,97,182,No Group
Leeds - New,Park Row,2023,January,2,Wednesday,11-Jan-23,07:00,210,382,592,210,382,592,No Group
Leeds - New,Park Row,2023,January,2,Wednesday,11-Jan-23,08:00,381,1152,1533,381,1152,1533,No Group
Leeds - New,Park Row,2023,January,2,Wednesday,11-Jan-23,09:00,310,743,1053,310,743,1053,No Group
Leeds - New,Park Row,2023,January,2,Wednesday,11-Jan-23,10:00,239,464,703,239,464,703,No Group
Leeds - New,Park Row,2023,January,2,Wednesday,11-Jan-23,11:00,289,560,849,289,560,849,No Group
Leeds - New,Park Row,2023,January,2,Wednesday,11-Jan-23,12:00,524,977,1501,524,977,1501,No Group
Leeds - New,Park Row,2023,January,2,Wednesday,11-Jan-23,13:00,651,677,1328,651,677,1328,No Group
Leeds - New,Park Row,2023,January,2,Wednesday,11-Jan-23,14:00,500,398,898,500,398,898,No Group
Leeds - New,Park Row,2023,January,2,Wednesday,11-Jan-23,15:00,482,393,875,482,393,875,No Group
Leeds - New,Park Row,2023,January,2,Wednesday,11-Jan-23,16:00,825,473,1298,825,473,1298,No Group
Leeds - New,Park Row,2023,January,2,Wednesday,11-Jan-23,17:00,836,770,1606,836,770,1606,No Group
Leeds - New,Park Row,2023,January,2,Wednesday,11-Jan-23,18:00,402,448,850,402,448,850,No Group
Leeds - New,Park Row,2023,January,2,Wednesday,11-Jan-23,19:00,319,330,649,319,330,649,No Group
Leeds - New,Park Row,2023,January,2,Wednesday,11-Jan-23,20:00,283,202,485,283,202,485,No Group
Leeds - New,Park Row,2023,January,2,Wednesday,11-Jan-23,21:00,299,159,458,299,159,458,No Group
Leeds - New,Park Row,2023,January,2,Wednesday,11-Jan-23,22:00,132,110,242,132,110,242,No Group
Leeds - New,Park Row,2023,January,2,Wednesday,11-Jan-23,23:00,65,63,128,65,63,128,No Group
Leeds - New,Park Row,2023,January,2,Thursday,12-Jan-23,00:00,27,18,45,27,18,45,No Group
Leeds - New,Park Row,2023,January,2,Thursday,12-Jan-23,01:00,5,6,11,5,6,11,No Group
Leeds - New,Park Row,2023,January,2,Thursday,12-Jan-23,02:00,2,14,16,2,14,16,No Group
Leeds - New,Park Row,2023,January,2,Thursday,12-Jan-23,03:00,8,3,11,8,3,11,No Group
Leeds - New,Park Row,2023,January,2,Thursday,12-Jan-23,04:00,7,2,9,7,2,9,No Group
Leeds - New,Park Row,2023,January,2,Thursday,12-Jan-23,05:00,19,19,38,19,19,38,No Group
Leeds - New,Park Row,2023,January,2,Thursday,12-Jan-23,06:00,46,69,115,46,69,115,No Group
Leeds - New,Park Row,2023,January,2,Thursday,12-Jan-23,07:00,138,227,365,138,227,365,No Group
Leeds - New,Park Row,2023,January,2,Thursday,12-Jan-23,08:00,229,911,1140,229,911,1140,No Group
Leeds - New,Park Row,2023,January,2,Thursday,12-Jan-23,09:00,196,636,832,196,636,832,No Group
Leeds - New,Park Row,2023,January,2,Thursday,12-Jan-23,10:00,175,406,581,175,406,581,No Group
Leeds - New,Park Row,2023,January,2,Thursday,12-Jan-23,11:00,241,393,634,241,393,634,No Group
Leeds - New,Park Row,2023,January,2,Thursday,12-Jan-23,12:00,352,645,997,352,645,997,No Group
Leeds - New,Park Row,2023,January,2,Thursday,12-Jan-23,13:00,675,744,1419,675,744,1419,No Group
Leeds - New,Park Row,2023,January,2,Thursday,12-Jan-23,14:00,431,464,895,431,464,895,No Group
Leeds - New,Park Row,2023,January,2,Thursday,12-Jan-23,15:00,547,403,950,547,403,950,No Group
Leeds - New,Park Row,2023,January,2,Thursday,12-Jan-23,16:00,874,486,1360,874,486,1360,No Group
Leeds - New,Park Row,2023,January,2,Thursday,12-Jan-23,17:00,815,764,1579,815,764,1579,No Group
Leeds - New,Park Row,2023,January,2,Thursday,12-Jan-23,18:00,495,587,1082,495,587,1082,No Group
Leeds - New,Park Row,2023,January,2,Thursday,12-Jan-23,19:00,306,366,672,306,366,672,No Group
Leeds - New,Park Row,2023,January,2,Thursday,12-Jan-23,20:00,323,224,547,323,224,547,No Group
Leeds - New,Park Row,2023,January,2,Thursday,12-Jan-23,21:00,281,166,447,281,166,447,No Group
Leeds - New,Park Row,2023,January,2,Thursday,12-Jan-23,22:00,230,109,339,230,109,339,No Group
Leeds - New,Park Row,2023,January,2,Thursday,12-Jan-23,23:00,72,51,123,72,51,123,No Group
Leeds - New,Park Row,2023,January,2,Friday,13-Jan-23,00:00,15,7,22,15,7,22,No Group
Leeds - New,Park Row,2023,January,2,Friday,13-Jan-23,01:00,14,7,21,14,7,21,No Group
Leeds - New,Park Row,2023,January,2,Friday,13-Jan-23,02:00,5,6,11,5,6,11,No Group
Leeds - New,Park Row,2023,January,2,Friday,13-Jan-23,03:00,5,17,22,5,17,22,No Group
Leeds - New,Park Row,2023,January,2,Friday,13-Jan-23,04:00,1,1,2,1,1,2,No Group
Leeds - New,Park Row,2023,January,2,Friday,13-Jan-23,05:00,18,8,26,18,8,26,No Group
Leeds - New,Park Row,2023,January,2,Friday,13-Jan-23,06:00,39,72,111,39,72,111,No Group
Leeds - New,Park Row,2023,January,2,Friday,13-Jan-23,07:00,128,218,346,128,218,346,No Group
Leeds - New,Park Row,2023,January,2,Friday,13-Jan-23,08:00,246,614,860,246,614,860,No Group
Leeds - New,Park Row,2023,January,2,Friday,13-Jan-23,09:00,181,515,696,181,515,696,No Group
Leeds - New,Park Row,2023,January,2,Friday,13-Jan-23,10:00,188,415,603,188,415,603,No Group
Leeds - New,Park Row,2023,January,2,Friday,13-Jan-23,11:00,249,363,612,249,363,612,No Group
Leeds - New,Park Row,2023,January,2,Friday,13-Jan-23,12:00,416,665,1081,416,665,1081,No Group
Leeds - New,Park Row,2023,January,2,Friday,13-Jan-23,13:00,503,597,1100,503,597,1100,No Group
Leeds - New,Park Row,2023,January,2,Friday,13-Jan-23,14:00,516,448,964,516,448,964,No Group
Leeds - New,Park Row,2023,January,2,Friday,13-Jan-23,15:00,434,414,848,434,414,848,No Group
Leeds - New,Park Row,2023,January,2,Friday,13-Jan-23,16:00,586,483,1069,586,483,1069,No Group
Leeds - New,Park Row,2023,January,2,Friday,13-Jan-23,17:00,397,629,1026,397,629,1026,No Group
Leeds - New,Park Row,2023,January,2,Friday,13-Jan-23,18:00,350,647,997,350,647,997,No Group
Leeds - New,Park Row,2023,January,2,Friday,13-Jan-23,19:00,288,458,746,288,458,746,No Group
Leeds - New,Park Row,2023,January,2,Friday,13-Jan-23,20:00,223,297,520,223,297,520,No Group
Leeds - New,Park Row,2023,January,2,Friday,13-Jan-23,21:00,248,189,437,248,189,437,No Group
Leeds - New,Park Row,2023,January,2,Friday,13-Jan-23,22:00,138,138,276,138,138,276,No Group
Leeds - New,Park Row,2023,January,2,Friday,13-Jan-23,23:00,159,104,263,159,104,263,No Group
Leeds - New,Park Row,2023,January,2,Saturday,14-Jan-23,00:00,48,56,104,48,56,104,No Group
Leeds - New,Park Row,2023,January,2,Saturday,14-Jan-23,01:00,39,28,67,39,28,67,No Group
Leeds - New,Park Row,2023,January,2,Saturday,14-Jan-23,02:00,21,10,31,21,10,31,No Group
Leeds - New,Park Row,2023,January,2,Saturday,14-Jan-23,03:00,4,10,14,4,10,14,No Group
Leeds - New,Park Row,2023,January,2,Saturday,14-Jan-23,04:00,12,2,14,12,2,14,No Group
Leeds - New,Park Row,2023,January,2,Saturday,14-Jan-23,05:00,6,9,15,6,9,15,No Group
Leeds - New,Park Row,2023,January,2,Saturday,14-Jan-23,06:00,20,24,44,20,24,44,No Group
Leeds - New,Park Row,2023,January,2,Saturday,14-Jan-23,07:00,33,57,90,33,57,90,No Group
Leeds - New,Park Row,2023,January,2,Saturday,14-Jan-23,08:00,60,88,148,60,88,148,No Group
Leeds - New,Park Row,2023,January,2,Saturday,14-Jan-23,09:00,112,237,349,112,237,349,No Group
Leeds - New,Park Row,2023,January,2,Saturday,14-Jan-23,10:00,183,337,520,183,337,520,No Group
Leeds - New,Park Row,2023,January,2,Saturday,14-Jan-23,11:00,324,725,1049,324,725,1049,No Group
Leeds - New,Park Row,2023,January,2,Saturday,14-Jan-23,12:00,555,972,1527,555,972,1527,No Group
Leeds - New,Park Row,2023,January,2,Saturday,14-Jan-23,13:00,410,944,1354,410,944,1354,No Group
Leeds - New,Park Row,2023,January,2,Saturday,14-Jan-23,14:00,457,863,1320,457,863,1320,No Group
Leeds - New,Park Row,2023,January,2,Saturday,14-Jan-23,15:00,485,1098,1583,485,1098,1583,No Group
Leeds - New,Park Row,2023,January,2,Saturday,14-Jan-23,16:00,585,641,1226,585,641,1226,No Group
Leeds - New,Park Row,2023,January,2,Saturday,14-Jan-23,17:00,465,578,1043,465,578,1043,No Group
Leeds - New,Park Row,2023,January,2,Saturday,14-Jan-23,18:00,420,608,1028,420,608,1028,No Group
Leeds - New,Park Row,2023,January,2,Saturday,14-Jan-23,19:00,376,490,866,376,490,866,No Group
Leeds - New,Park Row,2023,January,2,Saturday,14-Jan-23,20:00,361,298,659,361,298,659,No Group
Leeds - New,Park Row,2023,January,2,Saturday,14-Jan-23,21:00,478,216,694,478,216,694,No Group
Leeds - New,Park Row,2023,January,2,Saturday,14-Jan-23,22:00,1009,238,1247,1009,238,1247,No Group
Leeds - New,Park Row,2023,January,2,Saturday,14-Jan-23,23:00,340,119,459,340,119,459,No Group
Leeds - New,Park Row,2023,January,2,Sunday,15-Jan-23,00:00,115,108,223,115,108,223,No Group
Leeds - New,Park Row,2023,January,2,Sunday,15-Jan-23,01:00,91,19,110,91,19,110,No Group
Leeds - New,Park Row,2023,January,2,Sunday,15-Jan-23,02:00,27,11,38,27,11,38,No Group
Leeds - New,Park Row,2023,January,2,Sunday,15-Jan-23,03:00,20,10,30,20,10,30,No Group
Leeds - New,Park Row,2023,January,2,Sunday,15-Jan-23,04:00,3,8,11,3,8,11,No Group
Leeds - New,Park Row,2023,January,2,Sunday,15-Jan-23,05:00,5,8,13,5,8,13,No Group
Leeds - New,Park Row,2023,January,2,Sunday,15-Jan-23,06:00,14,11,25,14,11,25,No Group
Leeds - New,Park Row,2023,January,2,Sunday,15-Jan-23,07:00,31,21,52,31,21,52,No Group
Leeds - New,Park Row,2023,January,2,Sunday,15-Jan-23,08:00,68,38,106,68,38,106,No Group
Leeds - New,Park Row,2023,January,2,Sunday,15-Jan-23,09:00,90,123,213,90,123,213,No Group
Leeds - New,Park Row,2023,January,2,Sunday,15-Jan-23,10:00,128,291,419,128,291,419,No Group
Leeds - New,Park Row,2023,January,2,Sunday,15-Jan-23,11:00,246,405,651,246,405,651,No Group
Leeds - New,Park Row,2023,January,2,Sunday,15-Jan-23,12:00,370,523,893,370,523,893,No Group
Leeds - New,Park Row,2023,January,2,Sunday,15-Jan-23,13:00,332,508,840,332,508,840,No Group
Leeds - New,Park Row,2023,January,2,Sunday,15-Jan-23,14:00,345,386,731,345,386,731,No Group
Leeds - New,Park Row,2023,January,2,Sunday,15-Jan-23,15:00,323,380,703,323,380,703,No Group
Leeds - New,Park Row,2023,January,2,Sunday,15-Jan-23,16:00,338,312,650,338,312,650,No Group
Leeds - New,Park Row,2023,January,2,Sunday,15-Jan-23,17:00,259,266,525,259,266,525,No Group
Leeds - New,Park Row,2023,January,2,Sunday,15-Jan-23,18:00,198,189,387,198,189,387,No Group
Leeds - New,Park Row,2023,January,2,Sunday,15-Jan-23,19:00,101,134,235,101,134,235,No Group
Leeds - New,Park Row,2023,January,2,Sunday,15-Jan-23,20:00,114,107,221,114,107,221,No Group
Leeds - New,Park Row,2023,January,2,Sunday,15-Jan-23,21:00,86,90,176,86,90,176,No Group
Leeds - New,Park Row,2023,January,2,Sunday,15-Jan-23,22:00,64,78,142,64,78,142,No Group
Leeds - New,Park Row,2023,January,2,Sunday,15-Jan-23,23:00,19,21,40,19,21,40,No Group
